5.020687795333942e-10 4.0505877089517225e-07 1.1633470573509847e-09 7.48900092850143e-10 5.011781872449924e-09 1.9856531844885719
5.014623839782386e-10 1.8068226180004852e-06 1.1636765144957182e-09 7.487636231158763e-10 5.011781872509871e-09 1.984433480845209
5.016511405966221e-10 4.848443981263794e-07 1.16473152566041e-09 7.483274631924389e-10 5.011781872534804e-09 1.9805323195542397
5.021295469494779e-10 2.1405130988646876e-07 1.166533612584657e-09 7.475854432197924e-10 5.011781872577515e-09 1.9738850353204789
5.02721341517722e-10 7.309411881781649e-08 1.1689610964872295e-09 7.465918385753292e-10 5.011781872635292e-09 1.9649633143512848
5.033989662548463e-10 9.521133274392445e-08 1.1718628944735908e-09 7.454129274880938e-10 5.011781872704732e-09 1.954346886886892
5.041525741174595e-10 7.912605023500427e-08 1.175104045495747e-09 7.441073899666203e-10 5.011781872782777e-09 1.9425509206308156
5.049662638438765e-10 6.47827524346862e-08 1.1785813480440985e-09 7.427197462782928e-10 5.011781872867083e-09 1.9299676715954242
5.058286579428009e-10 4.638966743358853e-08 1.1822244089732502e-09 7.412802013795817e-10 5.0117818729560524e-09 1.9168640253570988
5.06728385199278e-10 4.333548806063703e-08 1.1859892348471579e-09 7.398076297053975e-10 5.011781873048697e-09 1.9034069906588453
5.076581283478596e-10 3.8322731640759985e-08 1.1898499228481903e-09 7.383132451673005e-10 5.011781873144447e-09 1.889695771795175
5.086111515062043e-10 3.415902542248134e-08 1.1937913801043733e-09 7.368037215442951e-10 5.0117818732429915e-09 1.8757892287913784
4.927837485431459e-10 3.6031739924292755e-08 1.1978041409702187e-09 7.35283359748084e-10 5.011781871476378e-09 1.8617251668604315
1.8522283818611182e-10 9.865365159201758e-09 4.3601806510710094e-10 2.6619155527532416e-10 1.8181726508142672e-09 1.8475321632532484
5.11560536975948e-10 2.464120714613592e-08 1.206016034342518e-09 7.322227081575826e-10 5.01178187355382e-09 1.8332357262435555
5.125643933299607e-10 2.251367660217312e-08 1.2102025076062212e-09 7.306880059996959e-10 5.011781873662109e-09 1.8188604861052455
5.135752712689244e-10 2.071687201067181e-08 1.2144342827703513e-09 7.291539063561147e-10 5.011781873772547e-09 1.8044304389201196
5.145918274547241e-10 1.9186492508748673e-08 1.2187053057885142e-09 7.276228305054936e-10 5.011781873885018e-09 1.7899681831093395
5.156131484207919e-10 1.78617707834892e-08 1.223010001030503e-09 7.260969281858619e-10 5.011781873999414e-09 1.7754941205727972
5.166377803309436e-10 1.6718582347586787e-08 1.2273434429699025e-09 7.245780292784185e-10 5.011781874115645e-09 1.7610259447197707
5.152420130790596e-10 2.8276112904973697e-08 1.231701433128038e-09 7.230676321846044e-10 5.0117818732042984e-09 1.746578467884546
5.164688127667246e-10 2.2729332829753546e-08 1.2360804669866306e-09 7.215669312654029e-10 5.011781873380825e-09 1.7321637952005202
5.176227926978272e-10 1.932085296755621e-08 1.240477699958572e-09 7.200768434771882e-10 5.011781873529983e-09 1.7177915433876896
5.187319544796952e-10 1.7053638805552452e-08 1.2448908801425991e-09 7.185980448742926e-10 5.011781873661564e-09 1.70346918716795
5.172776202095044e-10 2.124088631855469e-08 1.2493182236747504e-09 7.171310240782187e-10 5.01178187327983e-09 1.6892024808813182
5.183034291956647e-10 1.8586386386836078e-08 1.2537583283690524e-09 7.156761200959359e-10 5.011781873371442e-09 1.6749957966849587
5.193263850719585e-10 1.663592588445228e-08 1.258210136089293e-09 7.142335422119876e-10 5.011781873464179e-09 1.660852327272278
5.203802876251688e-10 1.512584328785604e-08 1.262672836635547e-09 7.128034074142334e-10 5.011781873570481e-09 1.6467743841778963
5.214286810688959e-10 1.395063080039821e-08 1.2671457754927101e-09 7.113857743126149e-10 5.0117818736765325e-09 1.632763647343425
5.224713557834022e-10 1.300885955295403e-08 1.2716285055411746e-09 7.099806300717844e-10 5.011781873782015e-09 1.6188211379140078
5.235312863126023e-10 1.2221762887305561e-08 1.2761207451650364e-09 7.085879071360292e-10 5.0117818738960464e-09 1.6049473509030858
5.246051733501081e-10 1.1551160221276869e-08 1.2806223194701921e-09 7.072075041027395e-10 5.011781874017543e-09 1.5911424038091033
5.256821467550743e-10 1.0973419377536607e-08 1.2851331586299384e-09 7.058392880714484e-10 5.011781874142268e-09 1.577406073119547
5.267567947089216e-10 1.0469362393791881e-08 1.2896532952558162e-09 7.044830971729961e-10 5.011781874268e-09 1.5637378300773996
5.278411562655684e-10 1.001940591031225e-08 1.2941828589415725e-09 7.031387438082044e-10 5.011781874399872e-09 1.5501368799552064
5.289384213479892e-10 9.61236665523458e-09 1.2987220419838188e-09 7.01806026130549e-10 5.011781874539553e-09 1.5366022464340352
5.300422535894112e-10 9.242621923881605e-09 1.3032710889099508e-09 7.00484731945513e-10 5.0117818746844885e-09 1.523132807627814
5.311479854226993e-10 8.90535206619144e-09 1.3078302975543542e-09 6.991746390782018e-10 5.0117818748327855e-09 1.5097273109062093
5.32227759016636e-10 8.602228117052181e-09 1.3123999893417835e-09 6.978755244391188e-10 5.011781874971659e-09 1.4963844382689042
5.332351076402102e-10 8.338253584275655e-09 1.3169793801456988e-09 6.965874801177856e-10 5.011781875078438e-09 1.4831277848973492
5.341370316467381e-10 8.11410069524174e-09 1.3215668559113226e-09 6.953108205677858e-10 5.0117818751342895e-09 1.4700042643584814
5.349613864955953e-10 7.918295713977569e-09 1.3261615076601112e-09 6.940456503538984e-10 5.011781875148464e-09 1.4570464973079698
5.358152926976277e-10 7.72747327495718e-09 1.3307633548817134e-09 6.927918143577275e-10 5.011781875172406e-09 1.4442641817739603
5.366883331224144e-10 7.54345373708807e-09 1.3353722211248263e-09 6.915492128104168e-10 5.011781875201576e-09 1.431669953514822
5.375255026545852e-10 7.374797950510216e-09 1.3399872743798327e-09 6.903179204797272e-10 5.011781875206155e-09 1.4192840738240304
5.383255888506831e-10 7.219785609828608e-09 1.3446081170958097e-09 6.890978913664509e-10 5.01178187518355e-09 1.4071116372395742
5.390907548659055e-10 7.076295310155204e-09 1.349235760035935e-09 6.878887117229793e-10 5.011781875133641e-09 1.3951419597687387
5.398557492312677e-10 6.938972239792185e-09 1.353871492022734e-09 6.866899097611051e-10 5.01178187507374e-09 1.3833661688544996
5.406388858674889e-10 6.805004523895244e-09 1.3585151408651782e-09 6.855014017029452e-10 5.0117818750149505e-09 1.3717869807078533
5.41421963301325e-10 6.67662576743318e-09 1.3631662890974996e-09 6.843231658541396e-10 5.011781874945851e-09 1.3604045340812267
5.422226273338185e-10 6.551371361177555e-09 1.3678261802986421e-09 6.831547639325823e-10 5.0117818748781414e-09 1.3492082775260423
5.431058653464703e-10 6.421800676935206e-09 1.3724971867246055e-09 6.819954936680002e-10 5.011781874858845e-09 1.3381818442380595
5.440132067826484e-10 6.295178032090747e-09 1.3771796295830222e-09 6.808451796477969e-10 5.011781874850163e-09 1.3273210554381547
5.448038061212023e-10 6.186135489064872e-09 1.3818725043331388e-09 6.797039717014367e-10 5.011781874746666e-09 1.3166303709218026
5.455913546285007e-10 6.081451964277161e-09 1.3865765615730425e-09 6.785715907116507e-10 5.01178187462787e-09 1.3061047139121313
5.464996051752964e-10 5.968999840409917e-09 1.3912937579424026e-09 6.774474802297669e-10 5.0117818745938825e-09 1.2957313135148985
5.474329964711985e-10 5.858737421188836e-09 1.3960252181812416e-09 6.76331298919468e-10 5.011781874573077e-09 1.285498576332733
5.483313997350631e-10 5.755977209775407e-09 1.4007703366730905e-09 6.752231189634094e-10 5.011781874515108e-09 1.2754047457267472
5.492526584705271e-10 5.655175276075241e-09 1.4055287222229866e-09 6.741229582495031e-10 5.011781874468019e-09 1.2654499472995464
5.502530145571445e-10 5.551715090838556e-09 1.410301483616785e-09 6.730304902062066e-10 5.011781874484112e-09 1.2556272056644515
5.584978908897068e-10 4.881046925831527e-09 1.415090067904037e-09 6.719453227484507e-10 5.011781880012559e-09 1.2459238008315763
5.595201198918666e-10 4.804347271382634e-09 1.4198944145578042e-09 6.708674142449825e-10 5.011781880168962e-09 1.2363323011545024
5.605434457975954e-10 4.730210641323078e-09 1.4247133887506998e-09 6.69796960069691e-10 5.0117818803259314e-09 1.2268534963489426
5.615679515296521e-10 4.658504843915819e-09 1.4295470217270314e-09 6.687338909669614e-10 5.011781880483466e-09 1.217485576049913
5.62593730702393e-10 4.589105391085808e-09 1.434393490184241e-09 6.6767854035925e-10 5.011781880640847e-09 1.208268522818186
5.636208568700534e-10 4.521897695220241e-09 1.4392493602948318e-09 6.66631572178739e-10 5.01178188079677e-09 1.1992734849189695
5.646493563556461e-10 4.456779580612981e-09 1.444112782029348e-09 6.655932857848719e-10 5.01178188095045e-09 1.1905379445719688
5.656793191698117e-10 4.393648535179606e-09 1.4489824490747317e-09 6.645638521407417e-10 5.011781881101659e-09 1.1820661773952827
5.667107974343046e-10 4.332412179845753e-09 1.4538582004404567e-09 6.635431945487027e-10 5.011781881250572e-09 1.1738400609283317
5.677438458854854e-10 4.2729833992923215e-09 1.4587408288488591e-09 6.625310400841307e-10 5.011781881397609e-09 1.1658291612481415
5.687785202421016e-10 4.215279930232345e-09 1.4636298728997038e-09 6.61527380162883e-10 5.0117818815428415e-09 1.1580232183700043
5.698148657376429e-10 4.159226046693796e-09 1.4685239834664707e-09 6.605323838140499e-10 5.0117818816858974e-09 1.1504357270727759
5.708529320134651e-10 4.104749846252583e-09 1.4734228220643868e-09 6.595460087484015e-10 5.01178188182659e-09 1.1430699411479046
5.718927702448697e-10 4.05178324997996e-09 1.4783262860308477e-09 6.585681651339457e-10 5.0117818819650246e-09 1.1359138733553116
5.729344233685703e-10 4.0002631167253585e-09 1.4832340568218833e-09 6.575988066657373e-10 5.011781882101466e-09 1.1289479740899153
5.739779389850738e-10 3.950129018094877e-09 1.4881460869113324e-09 6.56637833736203e-10 5.011781882236278e-09 1.1221487175513398
5.750233686441315e-10 3.901323231852055e-09 1.4930608466933175e-09 6.556854340816684e-10 5.011781882369607e-09 1.115504285302576
5.760707530082063e-10 3.853792715302526e-09 1.4979534468438722e-09 6.547462491399253e-10 5.011781882498882e-09 1.1091365871901557
5.771201418272861e-10 3.8074859193562695e-09 1.5027932853163658e-09 6.538258267917087e-10 5.011781882620772e-09 1.1031988940354367
5.781715766999641e-10 3.7623553497475825e-09 1.5075714080069835e-09 6.529254491973765e-10 5.011781882734823e-09 1.0977003560950953
5.79225108440589e-10 3.7183557607576376e-09 1.5122871625080961e-09 6.520448079750978e-10 5.011781882842176e-09 1.0925745775185596
5.802807932379726e-10 3.6754426077524933e-09 1.5169443377728104e-09 6.511827865574208e-10 5.011781882944506e-09 1.0877329801605407
5.81338676876813e-10 3.6335747516630902e-09 1.5215491540578804e-09 6.503378623623425e-10 5.011781883043417e-09 1.0830937759385237
5.823990903060112e-10 3.5927828043156826e-09 1.52610903379186e-09 6.495083462626645e-10 5.011781883140196e-09 1.078592715521267
5.834614865758338e-10 3.552890702003592e-09 1.5306317972822384e-09 6.486925334730998e-10 5.011781883235786e-09 1.0741834896904114
5.738842139473622e-10 3.904851994803215e-09 1.5351248378304935e-09 6.478888533020819e-10 5.011781865973602e-09 1.0698337580991986
5.746690802684161e-10 3.866989998948247e-09 1.5395960539948823e-09 6.470956885665099e-10 5.011781864872618e-09 1.0655204612310765
5.755202899733523e-10 3.827603516942894e-09 1.5440519083345615e-09 6.463117318202984e-10 5.0117818638799745e-09 1.0612260875549324
5.76457397147671e-10 3.786167496719875e-09 1.5484985867189983e-09 6.455357622829915e-10 5.011781863109598e-09 1.0569450211225002
5.774399879054618e-10 3.7442131766610325e-09 1.552941695828277e-09 6.447666968525685e-10 5.011781862479617e-09 1.0526842732514834
5.784437398651402e-10 3.7026046703799616e-09 1.5573861380161995e-09 6.440036062098787e-10 5.011781861938469e-09 1.048450278758912
5.794659262918988e-10 3.661440542687324e-09 1.5618361222354785e-09 6.432457071281573e-10 5.011781861463284e-09 1.0442423245846262
5.80435637202338e-10 3.6229176519940853e-09 1.5662948664322848e-09 6.424924071026204e-10 5.011781860882854e-09 1.0400671537713024
5.883632286105148e-10 3.3759693040594956e-09 1.5707651597482723e-09 6.417431984048967e-10 5.0117818707460235e-09 1.0359431349537558
5.8942681866404e-10 3.341386438692982e-09 1.575248123958559e-09 6.409978783037616e-10 5.0117818704697055e-09 1.031883052890874
5.904926538362549e-10 3.307554645955137e-09 1.5797450968035737e-09 6.402562015656846e-10 5.011781870181582e-09 1.027903550480403
5.915591215175979e-10 3.274495389992809e-09 1.5842560201611064e-09 6.395181617317128e-10 5.0117818698719385e-09 1.0240301891951997
5.926324115725241e-10 3.2420118270998875e-09 1.5887808694212039e-09 6.38783746601881e-10 5.0117818695793945e-09 1.0202808278132398
5.935793984282643e-10 3.2136599742669474e-09 1.5933183726434848e-09 6.380531439975284e-10 5.011781869094283e-09 1.0166786574746802
2.1755565350325504e-10 1.1065773976262867e-09 5.796737209479973e-10 2.3120912908257757e-10 1.8181726477420068e-09 1.013251601806946
6.00793810103796e-10 3.0220512667309e-09 1.6024243351966983e-09 6.366043917565516e-10 5.011781884721308e-09 1.010018511092374
6.018996048921104e-10 2.9943805389082937e-09 1.6069878800527467e-09 6.35886957047638e-10 5.011781884795892e-09 1.0069984314049634
6.030082416710681e-10 2.9672436706494458e-09 1.6115402793738392e-09 6.351769184930558e-10 5.011781884863004e-09 1.0042963110841154
6.041197350448892e-10 2.940622816244202e-09 1.6160375108429529e-09 6.344809545573567e-10 5.0117818849160245e-09 1.0021718087378089
6.052341468558214e-10 2.9145050201279093e-09 1.6204387186612615e-09 6.338050537154836e-10 5.0117818849497205e-09 1.0008263082942448
6.063514752449149e-10 2.8888724841605064e-09 1.624747956107119e-09 6.331482072941575e-10 5.011781884966886e-09 1.0001422213209794
2.2037841443861417e-10 1.0388968770214897e-09 5.909601951133994e-10 2.2946108947488413e-10 1.8181726476511364e-09 0.9998867149796421
2.2078591324218404e-10 1.0299362700028074e-09 5.924717079614536e-10 2.292340009616812e-10 1.8181726476508957e-09 0.9998511496854883
2.2119450251308118e-10 1.0211378323044351e-09 5.939695409313394e-10 2.2901054740806076e-10 1.8181726476509065e-09 0.9998520620030458
5.659611861295057e-10 3.7349668055638536e-09 1.641363240216004e-09 6.306603892713965e-10 5.011781807924184e-09 0.9998394996647901
5.71293513320736e-10 3.605991307272911e-09 1.6454295515541926e-09 6.300620890851131e-10 5.01178181231372e-09 0.9998210817581574
5.761167313119498e-10 3.491765479796668e-09 1.6494689966745464e-09 6.294717779247239e-10 5.011781816198743e-09 0.9998018939376387
5.804980245682197e-10 3.3901505595976775e-09 1.6534854994529053e-09 6.288887672208669e-10 5.011781819755275e-09 0.9997829480110341
5.845181119713895e-10 3.298915815380631e-09 1.6574820451929674e-09 6.283125212832803e-10 5.011781823072839e-09 0.9997642101901353
5.882383932163993e-10 3.2163559504111553e-09 1.6614610865235684e-09 6.277425940265985e-10 5.011781826211731e-09 0.9997456471497336
5.916633574310141e-10 3.1419470393718282e-09 1.6654611338473788e-09 6.271734367527098e-10 5.011781829088414e-09 0.9997247790192167
5.947922070037015e-10 3.075285659309616e-09 1.6695927596040097e-09 6.265894952768312e-10 5.011781831678111e-09 0.9996983567633021
5.97652748929424e-10 3.0154770886848003e-09 1.6739158705129801e-09 6.25982730422632e-10 5.011781833983311e-09 0.9996744759419094
6.003026786756883e-10 2.9611595588266532e-09 1.6783975766043987e-09 6.253582354245173e-10 5.011781836050813e-09 0.9996585722441025
6.027940917764195e-10 2.9111604876153694e-09 1.6830003925549735e-09 6.247216116344365e-10 5.011781837951343e-09 0.9996450513094264
6.051366735529249e-10 2.8651082274893675e-09 1.6876932945812174e-09 6.240774251230325e-10 5.011781839615869e-09 0.9996320129444077
6.073464945476618e-10 2.8225454267095806e-09 1.6924536745477917e-09 6.234289705597641e-10 5.011781841029778e-09 0.9996190712153945
6.094303844408656e-10 2.7831942900150283e-09 1.6972659053116731e-09 6.227785069400321e-10 5.011781842152944e-09 0.9996055125512197
6.11418653923933e-10 2.746415505641271e-09 1.7021197013011595e-09 6.221275127689737e-10 5.011781843065675e-09 0.9995886667503261
6.133685327151722e-10 2.711188237050556e-09 1.707006393470374e-09 6.214772079418069e-10 5.0117818440042405e-09 0.999572968450145
6.145647291784001e-10 2.6884513634957203e-09 1.7119196430912956e-09 6.208284738036763e-10 5.011781843913237e-09 0.9995645977917478
6.155300556187503e-10 2.669646012272282e-09 1.7168579997503792e-09 6.201815193878186e-10 5.011781843539643e-09 0.9995603722737674
6.165069143397068e-10 2.650975964030496e-09 1.7218211740658196e-09 6.195363983309275e-10 5.011781843225447e-09 0.9995568876209242
6.174896984615801e-10 2.6325250786361957e-09 1.7268090599230496e-09 6.188931405970317e-10 5.011781842940261e-09 0.9995535855614851
6.184637993919874e-10 2.614500559406803e-09 1.731822175751814e-09 6.182516957212106e-10 5.011781842610765e-09 0.9995504465200389
6.194300866688134e-10 2.596875934986817e-09 1.7368614591077224e-09 6.176119617416594e-10 5.011781842242359e-09 0.9995474759074787
6.203961292700677e-10 2.5795344876497057e-09 1.7419280787997995e-09 6.169738108229502e-10 5.011781841590408e-09 0.9995446680333558
6.213679015220711e-10 2.5623935053655424e-09 1.7470233102297474e-09 6.163371053129495e-10 5.011781839314166e-09 0.9995420201189757
6.223395514466747e-10 2.5455229818592267e-09 1.7521485255487875e-09 6.157016997766947e-10 5.011781836607631e-09 0.9995395208814676
6.233101182719627e-10 2.5289271592657176e-09 1.7573051278301907e-09 6.150674506627732e-10 5.01178183395123e-09 0.9995371468152501
5.645894160383208e-10 3.2761842143609074e-09 1.7624741906490492e-09 6.144370250641571e-10 5.0117818375175124e-09 0.9995348868584831
5.665010697743636e-10 3.2351474145717307e-09 1.7676978824671734e-09 6.138046817410019e-10 5.011781837448484e-09 0.9995326980925962
5.680320277918981e-10 3.1997690679770647e-09 1.772957029656822e-09 6.131731196747275e-10 5.011781837106038e-09 0.9995305864396615
5.694031136753581e-10 3.1670811000387866e-09 1.7782530103118542e-09 6.125422166817367e-10 5.011781836722041e-09 0.999528637879326
5.707376419573348e-10 3.135481453038383e-09 1.7835871860953309e-09 6.119118575999306e-10 5.011781836440569e-09 0.9995267770958816
5.719480386615851e-10 3.105969779113142e-09 1.7889608209144258e-09 6.112819450799148e-10 5.0117818361510845e-09 0.9995248875098071
5.729472970605896e-10 3.079479529983971e-09 1.794375131685757e-09 6.106523941634555e-10 5.011781835706833e-09 0.999522955767145
5.737392286752271e-10 3.05599693258524e-09 1.7998316345114795e-09 6.100231409130423e-10 5.0117818343577834e-09 0.9995210921540877
5.468014614840817e-10 3.340896302014149e-09 1.8053166954013873e-09 6.093953152105851e-10 5.011781831822855e-09 0.9995193480330715
5.484761112440453e-10 3.303303642828673e-09 1.810859965936554e-09 6.087663176912024e-10 5.011781830996109e-09 0.9995176607356794
5.501925992655756e-10 3.2660457213689296e-09 1.8164485527290519e-09 6.081373799024623e-10 5.011781830103125e-09 0.9995160333400722
5.519405530119003e-10 3.229231683989154e-09 1.8220835673515997e-09 6.075084450837231e-10 5.011781829125465e-09 0.999514398515467
5.536715937184442e-10 3.193365379015172e-09 1.8277661731786982e-09 6.068794565678485e-10 5.011781827980024e-09 0.9995126055989675
5.55376498796019e-10 3.15851133384058e-09 1.8334977363169963e-09 6.062503423385059e-10 5.011781826611144e-09 0.9995105851051098
6.011491122462161e-10 2.6794160854864836e-09 1.8392990291563763e-09 6.056183047495771e-10 5.0117818403554095e-09 0.9995083063240437
6.026228504737281e-10 2.6553181386987513e-09 1.8451327407099799e-09 6.049886486710337e-10 5.011781838874744e-09 0.999505511518687
6.032983552914419e-10 2.639496873318128e-09 1.851019833343701e-09 6.043586756280939e-10 5.011781836521166e-09 0.9995017507824497
6.026843528935803e-10 2.636306448068236e-09 1.8569627240774155e-09 6.037283008602301e-10 5.011781832492227e-09 0.9994967009753246
6.108966182460243e-10 2.5474216049077064e-09 1.8629455904469282e-09 6.030966989752963e-10 5.011781850297704e-09 0.9994908449136283
6.125827604445405e-10 2.523755182604438e-09 1.8689877980408338e-09 6.024661338593879e-10 5.01178184980972e-09 0.9994843745847897
5.530769681573781e-10 3.060543037094218e-09 1.875203978811928e-09 6.01823261341807e-10 5.011781830637143e-09 0.9994302727023043
2.422825409888121e-10 7.284537746761698e-10 6.829951378546983e-10 2.180515542085653e-10 1.8181726476476958e-09 0.9993806958916871
6.691578407447782e-10 1.9962651238097804e-09 1.8904485061466606e-09 6.002962994089562e-10 5.01178188498424e-09 0.9994515733214249
5.024624729493111e-10 3.4540184617958296e-09 3.1872675798411915e-09 5.315867770439425e-10 5.011781870597512e-09 0.9993814659494956
6.378619961980772e-10 2.2670181311444077e-09 3.252945009073968e-09 5.297995310600005e-10 5.011781853759359e-09 0.9993380038825064
6.432429839651726e-10 2.2167177313158655e-09 3.2772175652283446e-09 5.29167345577806e-10 5.011781855059822e-09 0.9993308070770415
6.51328555760322e-10 2.1450119641596525e-09 3.3043548717199555e-09 5.284876877722096e-10 5.011781858266158e-09 0.9993336230571503
6.553127385397612e-10 2.109116712144823e-09 3.3379588325955152e-09 5.276563483222206e-10 5.011781859272221e-09 0.9993383791259833
5.162756012501589e-10 3.233295834456926e-09 3.3029612784822235e-09 5.285138421000081e-10 5.011781864831613e-09 0.9993428380719956
5.238723999588704e-10 3.153381459370799e-09 3.3267392200259436e-09 5.27904623520712e-10 5.011781859279351e-09 0.9993465942389799
5.331454720821584e-10 3.0622924760356613e-09 3.350655085390253e-09 5.272977929202774e-10 5.011781853436319e-09 0.9993495459662483
5.441951209070979e-10 2.959765748598149e-09 3.374645030464794e-09 5.266939666559315e-10 5.011781847371673e-09 0.9993516788155324
5.570603775620797e-10 2.8460289448271533e-09 3.3985884549333323e-09 5.26094322807293e-10 5.011781841133955e-09 0.9993530365507985
5.715018992712724e-10 2.723400123743824e-09 3.4223583516939204e-09 5.255007465643766e-10 5.011781835014881e-09 0.9993535584592101
6.804514003655395e-10 1.9014695180004617e-09 3.433101117976414e-09 5.25091452252024e-10 5.011780680820904e-09 0.9993532235377318
6.817558516991033e-10 1.8912956864785667e-09 3.5410275076280732e-09 5.235791016594898e-10 5.011781867757374e-09 0.9993528538954054
6.879104343435369e-10 1.84613964445472e-09 3.5036978105561567e-09 5.236954534072153e-10 5.01178188498656e-09 0.9993593282002929
6.892628571188294e-10 1.8364749041007742e-09 3.520398693980012e-09 5.231672943511889e-10 5.011781884948421e-09 0.9993738933280198
6.906768495435359e-10 1.8265065199937911e-09 2.01979208763373e-09 5.897309498863396e-10 5.011781884986052e-09 0.9993796410675768
6.807896990455382e-10 1.895352146688009e-09 1.4264884392955186e-09 6.49122676126701e-10 5.011781857822018e-09 0.9993692651969064
6.671437557775131e-10 1.9874906687159332e-09 1.4709341018034333e-09 6.520436056812562e-10 5.011781809661372e-09 0.9993584006781444
6.841671509500641e-10 1.8700499075230924e-09 1.688407478575841e-09 6.365341816037577e-10 5.011781778254171e-09 0.9993468553683508
6.955500126439889e-10 1.7933142624764983e-09 2.0390016788856638e-09 5.880334181616333e-10 5.011781877988208e-09 0.9993347494007421
6.971507521654369e-10 1.7827573949826191e-09 2.054866373959972e-09 5.863506053282098e-10 5.011781878828134e-09 0.9993220193635466
6.985122789093596e-10 1.773918262216759e-09 2.061747934886752e-09 5.857610795228319e-10 5.011781878141574e-09 0.9993084459018831
6.998299232987265e-10 1.7654803581889347e-09 2.066048903619945e-09 5.854705541489616e-10 5.011781877021426e-09 0.9992944257951492
7.011665638151108e-10 1.757033141140536e-09 2.0695885803796953e-09 5.85258879235113e-10 5.011781875853712e-09 0.9992804270366508
7.025382216362272e-10 1.7484797445008589e-09 2.0727720292326703e-09 5.850822012152426e-10 5.011781874716808e-09 0.9992664399263679
7.039502799524539e-10 1.7397939334460338e-09 2.0757829988439507e-09 5.849248670632183e-10 5.011781873640044e-09 0.9992523906213352
7.054033643117374e-10 1.730979867805715e-09 2.0787891688165025e-09 5.847752855397456e-10 5.011781872646448e-09 0.9992382641353881
7.068945115091086e-10 1.7220631154705389e-09 2.081993866135955e-09 5.846209629973648e-10 5.011781871760954e-09 0.9992240678766677
7.090942552740798e-10 1.7091164471893219e-09 2.1348743902471256e-09 5.815482169809769e-10 5.0117818769750244e-09 0.9992098109007589
7.096995327837679e-10 1.705720669608496e-09 2.088398379093713e-09 5.879737110272024e-10 5.0117818618250725e-09 0.9991955023653697
7.119415650291955e-10 1.6928100944574981e-09 2.1526702930893447e-09 5.804629238762954e-10 5.0117818795612145e-09 0.9991811473124216
7.131816374294623e-10 1.6858455254210206e-09 2.1225609027771026e-09 5.822567472342577e-10 5.011781873412933e-09 0.9991667544467168
7.14738492494108e-10 1.677206781593391e-09 2.1377128515180494e-09 5.813473099580364e-10 5.011781874483795e-09 0.9991523300578015
7.162813650840727e-10 1.6687695223755574e-09 2.153265386985413e-09 5.803842752606175e-10 5.011781875529536e-09 0.9991378810487491
7.178152910004892e-10 1.6605008630603254e-09 2.1690014701908955e-09 5.793648009121215e-10 5.011781876535097e-09 0.9991234172990531
7.19338609450307e-10 1.652404879014387e-09 2.1795223926993075e-09 5.786433850723908e-10 5.0117818769030796e-09 0.9991089493079528
7.209264714426631e-10 1.6440829335604385e-09 2.229665996801637e-09 5.788120080584508e-10 5.0117818515186536e-09 0.9990944972654504
7.223878336371401e-10 1.6365352765883307e-09 2.195750616754674e-09 5.779462720156187e-10 5.011781876818959e-09 0.9990800801315342
7.239206573886609e-10 1.6287222628480342e-09 2.2035528031243943e-09 5.776637757076292e-10 5.011781876773722e-09 0.999065707433981
7.254603883324977e-10 1.6209817276950482e-09 2.2109905289649577e-09 5.774437324562379e-10 5.011781876719803e-09 0.9990513903285722
7.270080308945636e-10 1.6133079007154263e-09 2.217909071813228e-09 5.773024495823809e-10 5.0117818766543695e-09 0.9990371422667432
7.285645325376867e-10 1.6056955827753935e-09 2.224153920477023e-09 5.772543946524961e-10 5.011781876578348e-09 0.9990229644120415
7.301308491709534e-10 1.5981397955015128e-09 2.229416615496074e-09 5.773313205255622e-10 5.011781876486207e-09 0.9990088901028606
7.317080117540305e-10 1.5906354617887312e-09 2.233345888522042e-09 5.775674463602172e-10 5.0117818763767015e-09 0.9989949321771373
7.332971335147721e-10 1.5831773834912467e-09 2.2354412451592653e-09 5.780114193401914e-10 5.011781876248032e-09 0.9989810489099908
7.348994400400984e-10 1.575760118970131e-09 2.2349229435505134e-09 5.787396030355823e-10 5.011781876096651e-09 0.9989672976202404
7.365162987579369e-10 1.5683778749270558e-09 2.230711753605272e-09 5.798541663834501e-10 5.011781875919489e-09 0.9989536829081426
7.381492411426378e-10 1.5610244415921713e-09 2.221481338256746e-09 5.814727589301725e-10 5.011781875715698e-09 0.9989401297898512
7.397999639577698e-10 1.5536932281387298e-09 2.2059690179656615e-09 5.836921074511465e-10 5.011781875489673e-09 0.9989265900065336
7.41470564678866e-10 1.5463764836591968e-09 2.3885649592397086e-09 6.81829773639492e-10 5.011781810441544e-09 0.9989129634123425
7.431629979188544e-10 1.5390666044889137e-09 2.4008258661631036e-09 6.714066913864513e-10 5.011781824778204e-09 0.9988992611301623
7.448793225942008e-10 1.5317573858797034e-09 2.4129275272589346e-09 6.582874880647621e-10 5.011781837914066e-09 0.998885449355856
7.466399068117027e-10 1.5243624921727311e-09 7.87719671146377e-11 9.286703726811662e-10 5.0117817985929836e-09 0.9988713984974534
7.483944030786412e-10 1.517105220923648e-09 2.4255812064341204e-09 5.610045821318085e-10 5.011781884999194e-09 0.9988570371506515
7.502012784772147e-10 1.5097343054279741e-09 2.4383385424323393e-09 5.60379171590896e-10 5.0117818849995656e-09 0.99884223423901
7.520456552592093e-10 1.5023199045899994e-09 2.4512362121496296e-09 5.597674643945651e-10 5.011781884999952e-09 0.9988267986758013
7.539484139253256e-10 1.49478380594787e-09 2.5053374232374952e-09 9.46424301504263e-10 5.011781805103546e-09 0.9988105151255419
7.558687648313259e-10 1.4872929522488345e-09 1.1261122995059025e-09 7.064578707281347e-10 5.011781865173288e-09 0.9987932230491113
7.578531146022217e-10 1.4796698094772557e-09 3.6729884055980396e-10 7.941267587896942e-10 5.0117818559977506e-09 0.9987748858857405
7.598895664384828e-10 1.4719680871580363e-09 2.528412962917027e-10 8.151680847400265e-10 5.011781850684412e-09 0.9987555737539353
7.619836653259124e-10 1.4641737673418745e-09 5.080956231783859e-10 7.957765146495325e-10 5.011781847957617e-09 0.9987351634046958
7.641391540629788e-10 1.4562805937815403e-09 9.382105127520818e-10 7.545628748773515e-10 5.011781847360481e-09 0.9987131963773479
7.663553267768919e-10 1.448298980433266e-09 2.543969685961691e-09 5.551130312872401e-10 5.0117818850031274e-09 0.9987007686996209
7.686357347693091e-10 1.4402240868210364e-09 5.116660120447969e-09 4.958043021090074e-10 5.011781884698839e-09 0.9986972175784813
7.709758830402131e-10 1.4320795553944655e-09 5.866791394891993e-09 4.946427368434408e-10 5.011781856598426e-09 0.998671462859776
7.733687147082637e-10 1.4238964646616239e-09 5.9529788130618174e-09 4.94159363933592e-10 5.011781872525633e-09 0.9986542792755871
7.758020303934111e-10 1.415721154133485e-09 5.766733920416532e-09 4.943936538185634e-10 5.011757981528873e-09 0.9986500579449231
7.78271158257845e-10 1.4075722804527554e-09 5.844912400171275e-09 4.93866012855982e-10 5.0117642459705424e-09 0.9986487004733899
7.807607339091115e-10 1.3995016375252562e-09 5.919324704531379e-09 4.933438225241399e-10 5.011762862150794e-09 0.9986464117226829
7.832610582972262e-10 1.3915395200553453e-09 5.994847805974795e-09 4.928253979168337e-10 5.01176151238889e-09 0.9986429150761447
7.857631717636358e-10 1.383711752584176e-09 6.073752116679959e-09 4.923075533004556e-10 5.011762893370919e-09 0.9986386096482469
7.882606064773442e-10 1.3760346773274663e-09 6.6337452274784865e-09 4.903325568821397e-10 5.011781872252372e-09 0.9986339948901617
7.907447230933474e-10 1.3685299002325879e-09 6.232953455367495e-09 4.912829823544443e-10 5.011760790037207e-09 0.9986295898680856
7.93215192439776e-10 1.3611929666756659e-09 6.303953367057165e-09 4.90785380110153e-10 5.0117452031696605e-09 0.9986258187248502
7.956713846764862e-10 1.354020456877111e-09 6.38832053518002e-09 4.902777435391782e-10 5.0117448645234e-09 0.998623023703307
7.98112574966485e-10 1.347009321185098e-09 6.4736384487762065e-09 4.897745462955774e-10 5.0117442698852276e-09 0.998621263139259
8.005402187556263e-10 1.340150479299442e-09 6.557975462157045e-09 4.892801073810122e-10 5.01174290866183e-09 0.9986209529237722
8.029566486481992e-10 1.3334328998287704e-09 6.6391517247946606e-09 4.887993653866976e-10 5.011740604637398e-09 0.9986221179695381
8.053647868362644e-10 1.3268445420389674e-09 6.713726840452032e-09 4.883408460046526e-10 5.011737754342785e-09 0.9986243703751285
8.077679666850578e-10 1.3203729203427496e-09 6.775310705113205e-09 4.879220960836629e-10 5.011736440799083e-09 0.9986277542915513
8.10169845085681e-10 1.3140053801605655e-09 6.8134668026444164e-09 4.875760505365264e-10 5.0117440596679025e-09 0.9986316649413537
8.12574523928443e-10 1.3077288092184778e-09 6.812581522977291e-09 4.873611233384491e-10 5.0117814991840834e-09 0.9986351375074758
8.149820010716924e-10 1.3015412904884382e-09 7.246853510013448e-09 4.861276858985058e-10 5.011781885004723e-09 0.9986377218713616
8.173977417010866e-10 1.2954272273390055e-09 7.312404800858206e-09 4.856271074909121e-10 5.01178188500468e-09 0.9986394192614557
8.198242473951725e-10 1.2893792369957165e-09 7.020152349566409e-09 4.851243904797205e-10 5.011781884840621e-09 0.9986402897833067
8.222643732520294e-10 1.2833894737450606e-09 6.269157498917707e-09 4.846292837033425e-10 5.011781884907666e-09 0.9986403963934006
8.247656791379556e-10 1.2773432928850979e-09 2.9370647242508685e-09 5.472866197323538e-10 5.011781885004764e-09 0.9986359427648238
8.272409447920439e-10 1.2714513661762293e-09 2.952141791219178e-09 5.45027981457443e-10 5.011781885004791e-09 0.9986354201230063
8.296838720179507e-10 1.265723462201772e-09 6.353629618820615e-09 4.83151377845404e-10 5.011781884957503e-09 0.9986404599672675
8.321951181934434e-10 1.259923497733156e-09 7.564942428836717e-09 4.826612140937891e-10 5.011781884822485e-09 0.9986398667037751
8.347284482773236e-10 1.254161009777352e-09 8.24945934419023e-09 4.821850106258544e-10 5.011781885004721e-09 0.9986377700347289
8.372840680869705e-10 1.2484358303456621e-09 8.104957308375746e-09 4.816841851245439e-10 5.01178188493816e-09 0.9986412476091922
8.399279671238928e-10 1.2426037916942106e-09 3.032704625813578e-09 5.361884850134957e-10 5.0117818850047685e-09 0.9986358331564269
8.425422232824667e-10 1.2369259637899492e-09 2.957249102603749e-09 5.446486930697836e-10 5.0117818771427105e-09 0.9986135177349581
8.451634963881517e-10 1.231319534746004e-09 3.047816808448323e-09 5.376642947271774e-10 5.011781879137222e-09 0.9985902939732328
8.478123019810623e-10 1.225740348359094e-09 3.0825830563033037e-09 5.362825287717727e-10 5.011781879224003e-09 0.9985667032803224
8.504828855926307e-10 1.2202009461841398e-09 3.104511791264116e-09 5.353866553794547e-10 5.011781879381405e-09 0.9985423369090086
8.531739670586838e-10 1.214704046223549e-09 3.1255100185120774e-09 5.346378557050941e-10 5.01178187952368e-09 0.9985175464571378
8.558843684189828e-10 1.2092519855759882e-09 3.147090214416081e-09 5.339980909220977e-10 5.011781879466188e-09 0.9984928189185671
8.586125764304267e-10 1.2038476027107315e-09 3.168535209670576e-09 5.332994697050463e-10 5.011781879555285e-09 0.9984681234546096
8.613571228543352e-10 1.198493458349905e-09 3.1902241232418887e-09 5.326053771562808e-10 5.011781879649663e-09 0.9984433722536915
8.641163165489254e-10 1.193192360281727e-09 3.2121598298546313e-09 5.319163036390163e-10 5.0117818797494014e-09 0.998418547234264
8.668883223197876e-10 1.187947191038174e-09 3.2343441532084325e-09 5.312329962471547e-10 5.0117818798543806e-09 0.9983936660098934
8.696711854659783e-10 1.1827608509822549e-09 3.256779750173644e-09 5.305561996718166e-10 5.01178187996427e-09 0.9983687673881061
8.724628563648477e-10 1.1776362065117642e-09 3.2794710884605347e-09 5.298864755495648e-10 5.01178188007858e-09 0.998343896418326
8.752612148357623e-10 1.1725760435672239e-09 3.302424557442843e-09 5.292241397523669e-10 5.01178188019678e-09 0.9983190982501029
8.780640943093517e-10 1.1675830260565766e-09 3.325648203654444e-09 5.285692579457774e-10 5.011781880318396e-09 0.9982944206080873
8.808693049385489e-10 1.162659660358912e-09 3.3491512699466897e-09 5.279216834582868e-10 5.011781880443002e-09 0.9982699065572703
8.836545258352747e-10 1.1578428231440804e-09 3.3729461283842966e-09 5.272805257313296e-10 5.011781880571262e-09 0.9982358357055395
8.864024541573292e-10 1.1531587367622384e-09 3.397034407379523e-09 5.266473344651385e-10 5.011781880700077e-09 0.9981999705467973
8.891233803782222e-10 1.1485860566627873e-09 3.421419729316339e-09 5.26023532268958e-10 5.011781880824948e-09 0.9981796001396247
8.918290507611737e-10 1.1441021749957854e-09 3.446118428911221e-09 5.254074584852605e-10 5.011781880946557e-09 0.9981660059683694
8.94526957932943e-10 1.1396925751177494e-09 3.4711182719326267e-09 5.247921494001411e-10 5.011781881104264e-09 0.9981526470394606
8.972211654968432e-10 1.1353489727645803e-09 3.4962981630593044e-09 5.241467671795236e-10 5.0117818815333455e-09 0.9981384002188856
8.999135113140973e-10 1.1310670063788206e-09 3.5221067797058807e-09 5.235236049130276e-10 5.011781881907661e-09 0.998123568816301
9.026044530235109e-10 1.1268446628887867e-09 3.548198093199045e-09 5.229641171915082e-10 5.011781881674218e-09 0.9981085309455588
9.05293181311817e-10 1.122681951889767e-09 3.574715290696421e-09 5.223821902321017e-10 5.011781881692641e-09 0.9980935431236526
9.079785401599715e-10 1.1185793773589627e-09 3.601473206690062e-09 5.217645681457275e-10 5.011781882087212e-09 0.9980787446110805
9.106590967682057e-10 1.1145378012427978e-09 3.6286435899189426e-09 5.211424967567609e-10 5.011781882583216e-09 0.9980643056775285
9.133333714976557e-10 1.1105580804720059e-09 3.6564948848612353e-09 5.206333888947984e-10 5.011781881919837e-09 0.9980503500861054
9.159993194123874e-10 1.1066418216038702e-09 3.6844626414772284e-09 5.200325215448202e-10 5.0117818822805675e-09 0.9980370055208131
9.186553816900081e-10 1.1027898215951619e-09 3.712946893965325e-09 5.194650266986073e-10 5.011781882282156e-09 0.9980244997606201
9.212997293230548e-10 1.0990031919675415e-09 3.741759484637697e-09 5.188514917607684e-10 5.011781882904566e-09 0.9980129283934159
9.239308508681351e-10 1.0952825159643674e-09 3.771099863959021e-09 5.182862261529828e-10 5.011781882967968e-09 0.9980022799375077
9.265471145372726e-10 1.0916284874865933e-09 3.800884264182388e-09 5.177235289852459e-10 5.0117818830255e-09 0.9979925352578131
9.291470118964579e-10 1.0880415722029113e-09 3.831121978649746e-09 5.171631348528552e-10 5.011781883076934e-09 0.9979837802918808
9.317290184488139e-10 1.0845222108433925e-09 3.861822761636728e-09 5.166052328732594e-10 5.0117818831193485e-09 0.9979765855902087
9.342918204144567e-10 1.0810705181986218e-09 3.892997638090906e-09 5.160499880865053e-10 5.0117818831489285e-09 0.997971543001317
9.368343359749175e-10 1.0776862752700882e-09 3.924658227131273e-09 5.154975668736778e-10 5.011781883159437e-09 0.9979687105224703
9.393555630448064e-10 1.0743691489275573e-09 3.956810407214963e-09 5.149496082937852e-10 5.011781883123451e-09 0.9979694632079652
9.418546285995912e-10 1.0711186363408829e-09 3.989447728233999e-09 5.14411412214974e-10 5.011781882939248e-09 0.9979749255363385
9.443284193657942e-10 1.0679371159709314e-09 4.022566051663285e-09 5.138974284940414e-10 5.011781882217834e-09 0.9978828279235727
9.468002294331907e-10 1.0647937329121204e-09 4.0560893576940945e-09 5.133251458079287e-10 5.0117818825336384e-09 0.9978467149389216
9.49329941414063e-10 1.0616208095780717e-09 4.089432312593436e-09 5.128156502827534e-10 5.011781881745011e-09 0.9980212058210522
9.574100421178314e-10 1.0549034758271037e-09 4.124371116356861e-09 5.134785433755701e-10 5.011781875248268e-09 0.9981842397699314
8.065134843547727e-10 1.328556364953513e-09 7.717379159015309e-09 4.843837844119619e-10 5.0117818715776775e-09 0.9981590992264293
8.126705984005632e-10 1.3079514414496866e-09 7.59232916182597e-09 4.846820659467747e-10 5.011781878519377e-09 0.9980262833123926
8.147257015759805e-10 1.302398018044013e-09 7.708933235223142e-09 4.842136104572915e-10 5.0117818802832506e-09 0.9979109786034885
8.166250007527819e-10 1.2974911867844147e-09 7.833169192013918e-09 4.837320457876862e-10 5.011781881180543e-09 0.9978113350371715
8.184865992908679e-10 1.2927899650817443e-09 7.961645979529333e-09 4.832505746039506e-10 5.011781881601062e-09 0.997747295790314
8.203217926041848e-10 1.2882501278744299e-09 8.094132821933173e-09 4.827710646725929e-10 5.011781881413907e-09 0.9977695576940675
8.221204162223793e-10 1.2839027216345976e-09 8.230723026861984e-09 4.822938333325308e-10 5.011781880623824e-09 0.997862275115248
8.238395762016926e-10 1.2798880032953837e-09 8.371504721859508e-09 4.818189838705931e-10 5.011781879315893e-09 0.9979672287912139
8.252039996950297e-10 1.2771203988005947e-09 8.51981659526092e-09 4.813356643979775e-10 5.01178187686405e-09 0.9980702581168737
8.21247754026917e-10 1.2916951412281273e-09 8.96223088873922e-09 4.801288185155309e-10 5.011781869788797e-09 0.9981688257285881
1.1458456165721926e-09 8.999891848231313e-10 3.57374526548742e-09 5.319817385219773e-10 5.0117818715921565e-09 0.9982327990299028
9.909599313378873e-10 1.016919959817017e-09 4.572393504595108e-09 5.08525171534056e-10 5.011781874494859e-09 0.9982204394464302
9.895064337893477e-10 1.0169915677009875e-09 4.633227154312481e-09 5.074887585028721e-10 5.011781874100856e-09 0.9982054043151171
9.933863398819343e-10 1.013284550897518e-09 4.671399255520453e-09 5.072598485629287e-10 5.011781874251522e-09 0.9981861779031997
1.0026792877929693e-09 1.0057286275726396e-09 4.681757299937735e-09 5.077549496674047e-10 5.011781874653651e-09 0.9981649330197887
1.043357657001584e-09 9.753861803421581e-10 4.495349138582938e-09 5.125523777418316e-10 5.0117818741996945e-09 0.9981442284452271
8.412425890334747e-10 1.225553127001935e-09 8.913812409114851e-09 4.779743377493329e-10 5.011781884852502e-09 0.9981230928856326
8.212082192524382e-10 1.2998753975892037e-09 1.1524420603829915e-08 4.744817439499454e-10 5.0117818643722065e-09 0.9980543619682035
8.404908705737567e-10 1.2451668570203927e-09 1.0377084233840096e-08 4.765210708346822e-10 5.01178187077387e-09 0.9979893479505566
8.448962447523624e-10 1.2337729157193252e-09 1.0528150791806308e-08 4.762079823685362e-10 5.011781873643273e-09 0.997927814238769
8.476790225157427e-10 1.2272283829588353e-09 1.0760944853836642e-08 4.757498538122543e-10 5.011781875258393e-09 0.9978695718250955
8.500380601662444e-10 1.2219973873718175e-09 1.1009662171121655e-08 4.752771965050631e-10 5.01178187627654e-09 0.9978144051718828
8.522375244840477e-10 1.217296333298357e-09 1.1268361753789805e-08 4.748056007137172e-10 5.0117818769624116e-09 0.9977620988692105
8.543647518490086e-10 1.212865098644643e-09 1.1537454635987487e-08 4.743368716326367e-10 5.011781877442481e-09 0.9977124572999053
8.564562636730939e-10 1.2085945445991782e-09 1.1818117418015141e-08 4.73870786021218e-10 5.011781877785251e-09 0.9976652962215896
8.585298139230729e-10 1.204431446539297e-09 1.2111576761768599e-08 4.734068937938094e-10 5.011781878030917e-09 0.9976204404667732
8.605950247505262e-10 1.2003468576156093e-09 1.2419048115097245e-08 4.729448032575536e-10 5.011781878204493e-09 0.9975777280932386
8.626575595901501e-10 1.1963236784152796e-09 1.2741766565573238e-08 4.724842139341009e-10 5.011781878322548e-09 0.9975370100501306
8.647033977881699e-10 1.19240470347822e-09 1.3081223881962675e-08 4.7202646136099e-10 5.0117818782861255e-09 0.9975068780779445
8.667237671122055e-10 1.1886174313184514e-09 1.3439344117221878e-08 4.715728443507928e-10 5.0117818780322274e-09 0.9974932854082513
8.687320923469746e-10 1.1849090178061267e-09 1.38174669280525e-08 4.711191474509892e-10 5.0117818776966436e-09 0.9974876376739086
8.707413417648358e-10 1.181245907032734e-09 1.4217319012872439e-08 4.706660249739109e-10 5.011781877345773e-09 0.9974830556382376
8.727533099317208e-10 1.1776230741962535e-09 1.4640829017080519e-08 4.702135376685987e-10 5.011781876990403e-09 0.9974784501370776
8.747678827688931e-10 1.1740405004100185e-09 1.5090161026381992e-08 4.697616912750054e-10 5.011781876631288e-09 0.9974737234812252
8.767845740553206e-10 1.1704989320499517e-09 1.5567751692817703e-08 4.693104247352466e-10 5.011781876269049e-09 0.9974688656100997
8.788028232266831e-10 1.1669993738922406e-09 1.6076354129581454e-08 4.688596991851594e-10 5.011781875903541e-09 0.997463859935096
8.808219559273695e-10 1.1635428091923344e-09 1.6619091126245715e-08 4.684093728460201e-10 5.0117818755361404e-09 0.9974586854789815
8.828412029671715e-10 1.160130535521495e-09 1.719951808916126e-08 4.67959319094935e-10 5.011781875167337e-09 0.9974533479222476
8.848597826795288e-10 1.1567641010601338e-09 1.7821702203178164e-08 4.675094814236202e-10 5.011781874796403e-09 0.9974478526948982
8.868767582185758e-10 1.1534451479855274e-09 1.849031804105363e-08 4.670596843461766e-10 5.0117818744239465e-09 0.997442190996295
8.88891010042582e-10 1.1501757094631531e-09 1.9210763702785585e-08 4.666096966590235e-10 5.011781874050484e-09 0.9974363593520579
8.909013997787188e-10 1.1469582209041802e-09 1.9989307613892065e-08 4.661593959633499e-10 5.011781873675116e-09 0.9974303729992093
8.929067479627569e-10 1.1437953104667955e-09 2.083327271768647e-08 4.657086663024254e-10 5.011781873296731e-09 0.9974242327674554
8.949055384864445e-10 1.1406901910988755e-09 2.1751266093565254e-08 4.65257219821307e-10 5.011781872915487e-09 0.9974179279020556
8.968959907580281e-10 1.1376468294018734e-09 2.275347186208938e-08 4.6480470650397633e-10 5.0117818725310925e-09 0.9974114544365209
8.988759755298837e-10 1.1346702613398635e-09 2.3852030239819267e-08 4.6435073134057874e-10 5.011781872142887e-09 0.9974048116747034
9.008431359065444e-10 1.1317665612251675e-09 2.5061532415457636e-08 4.638949704193158e-10 5.011781871749122e-09 0.9973980151486027
9.027876876153775e-10 1.1289555070465238e-09 2.640277028581104e-08 4.6343256626180883e-10 5.011781871356602e-09 0.9973913083737098
9.047014103213029e-10 1.1262611062556445e-09 2.792653610753741e-08 4.629551517624964e-10 5.011781870949973e-09 0.9973854342294157
9.066102348412189e-10 1.1236469719567366e-09 2.9757213990402606e-08 4.624558229038962e-10 5.011781870491596e-09 0.9973828874793704
9.068333149836399e-10 1.1246580925722278e-09 3.2150604082209213e-08 4.6149131590929265e-10 5.011781869701711e-09 0.9973675350516038
9.098924202174936e-10 1.1198930504839843e-09 3.5682086064831315e-08 4.6109615991614865e-10 5.011781869281477e-09 0.9973826212308633
9.534213700996003e-10 1.0564293164410725e-09 0.0011525203450280367 4.5555942936757304e-10 5.011779713532446e-09 0.9974807030160148
9.489212061554025e-10 1.0621190691269093e-09 0.006591836539225653 4.555928223366288e-10 5.011781884267776e-09 0.9975783934471066
9.432648263900714e-10 1.0694509201509313e-09 0.01804636360473369 4.5559370797484075e-10 5.011781876266083e-09 0.9977096309709339
9.371413103920222e-10 1.0772517560271973e-09 0.03766419517261596 4.555925514490716e-10 5.011776499763739e-09 0.9976568356456558
9.292170701777262e-10 1.0880882254666886e-09 0.0671242788742132 4.5558855995834264e-10 5.0117397061498465e-09 0.9968949245459714
9.350759869933186e-10 1.0800884830597353e-09 0.10806783630825467 4.5559089797095693e-10 5.0117439227835666e-09 0.9943879376368023
9.459038714712998e-10 1.0673766179315484e-09 0.1594198730807074 4.5559376798232173e-10 5.011781874193342e-09 0.9887324840652291
9.61324382813849e-10 1.0477062625347198e-09 0.22111461960823545 4.5559376955415623e-10 5.0117818708393824e-09 0.9780252904947571
1.1305991375475204e-09 9.003297395579421e-10 0.2917584707082177 4.555937690518543e-10 5.011781886008974e-09 0.9602957695211283
1.1422779587557958e-09 8.95106377332404e-10 0.36964530956002417 4.55593768490517e-10 5.011781881465821e-09 0.9336534436795335
1.1385701304559727e-09 8.95484707463759e-10 0.45231369799421833 4.555937686912572e-10 5.0117818862394605e-09 0.8968910759565268
1.1499099216960638e-09 8.902474808672129e-10 0.5373318258822438 4.555937685036605e-10 5.011781886256613e-09 0.8489864413001474
1.1542936076281298e-09 8.872961655484607e-10 0.622020593349413 4.5559376852631344e-10 5.011781890336149e-09 0.7893571752766236
1.15449352773639e-09 8.863715211191413e-10 0.7034652680603783 4.555937685573391e-10 5.011781895339559e-09 0.7180975699413276
1.1560518741312223e-09 8.861294001855849e-10 0.7787174780916815 4.5559376860692064e-10 5.011781899335558e-09 0.6361731949589786
1.155914874210323e-09 8.853233136695912e-10 0.845105743087093 4.55593768585982e-10 5.011781905903772e-09 0.5454370839050412
1.0706080980756397e-09 9.419514088168583e-10 0.9006575816864373 4.555937685700883e-10 5.0117819161019206e-09 0.4483370074413248
1.0860054626861405e-09 9.304975301403486e-10 0.9441707380853 4.5559376855993275e-10 5.0117819321603476e-09 0.3478787088891566
1.1677809540071091e-09 8.785304960357351e-10 0.9744569674650189 4.555937685533757e-10 5.011781960610068e-09 0.24929408616566812
1.1240991912438755e-09 9.044745481201398e-10 0.9933019035372534 4.5559376849899984e-10 5.0117826336716034e-09 0.15875064876292916
7.89811463774201e-10 1.1009686918479388e-09 1.006576340111617 4.555937230813859e-10 5.011870454479563e-09 0.08078870281968213
4.2700972029414496e-10 3.166286906047823e-10 1.0210433461374588 1.6528016463240785e-10 1.8247088511756553e-09 5.139866153923608e-07
1.1063209877576993e-09 9.162221146032826e-10 1.0130384017911718 4.555937685425074e-10 0.024621204191972935 5.011783994022024e-09
1.0934459218513888e-09 9.175818183460564e-10 1.001890521839841 4.554773515659974e-10 0.056540508501404 4.780667526573495e-09
1.0513362766897892e-09 9.58001546305327e-10 0.9979691181388267 4.5559376849373323e-10 0.08171814114797576 5.0117817006680165e-09
1.0309418706410646e-09 9.751848966111186e-10 0.9953764497491654 4.555935536875608e-10 0.10409146825828672 5.011531969761362e-09
1.012273308129907e-09 9.923149264598362e-10 0.9926734930645011 4.5559286308132967e-10 0.12492375939916836 5.010909696076779e-09
9.94740929596577e-10 1.0100342848108379e-09 0.9896644794047947 4.555937685501024e-10 0.14534524006073568 5.011782032669837e-09
9.883132602745428e-10 1.016729449698194e-09 0.9861958979526002 4.555933926287226e-10 0.16628066984020767 5.011512746161589e-09
3.649502066446715e-10 3.623142905210468e-10 0.9821417423142808 1.6528016462707145e-10 0.18803516996309527 1.8181726617917022e-09
1.0224755337909966e-09 9.829580117222902e-10 0.9774223894260922 4.5559373708219627e-10 0.21073559068484393 5.011764444414996e-09
1.0375972507903105e-09 9.69382669381342e-10 0.9719589517705436 4.55593761708967e-10 0.23432588908118052 5.011778583913499e-09
1.0514549115498729e-09 9.576012242447002e-10 0.9656906015798005 4.55593768520112e-10 0.2586322894764642 5.01178196593244e-09
1.0640489685847172e-09 9.474118944158326e-10 0.9585918818049799 4.555937685208897e-10 0.2834574632321917 5.0117819461826355e-09
1.0754718243085862e-09 9.385594370693612e-10 0.950672945682914 4.5559376852022364e-10 0.3086230798202361 5.011781931469023e-09
1.0857840053344592e-09 9.308705222931752e-10 0.9419701703679896 4.555937685192829e-10 0.3339059604992183 5.011781919852849e-09
1.095071428437024e-09 9.241798064603357e-10 0.9325405499974763 4.555937685188137e-10 0.35908234910268355 5.0117819103952164e-09
1.099429538088079e-09 9.24560459627085e-10 0.922458603192211 4.5547192317890736e-10 0.3839537906860586 4.975483481566667e-09
1.1082627579424287e-09 9.172684071044959e-10 0.911813474239094 4.554705722687179e-10 0.4083493461225991 4.9777421116993966e-09
1.1161917764843667e-09 9.111824996543321e-10 0.9007061820762257 4.554691147636143e-10 0.43211417156009174 4.9796875365132745e-09
1.1235422037252248e-09 9.057131999104026e-10 0.8892407170664268 4.5546756142377364e-10 0.4551108954985083 4.981370056415282e-09
1.1304707925352396e-09 9.00690527662698e-10 0.8775118438306002 4.554659215395592e-10 0.4772237781555544 4.9828314480893574e-09
1.1368874017901373e-09 8.962300392139701e-10 0.8656071869762461 4.554642035487956e-10 0.49837424017893495 4.9841049956307895e-09
1.142344206209908e-09 8.926898652021384e-10 0.8536109993529822 4.554624176707235e-10 0.5185421561609805 4.985215106080924e-09
1.1468991689888512e-09 8.899159614007249e-10 0.8416196905417636 4.554605781786423e-10 0.5377262521512008 4.9861861801393726e-09
1.1518101131961943e-09 8.867807067050743e-10 0.8297589569680417 4.5545870037626667e-10 0.5558312409564353 4.98704586865502e-09
1.1522084679746153e-09 8.871944666605792e-10 0.8181237312978498 4.5559376851510106e-10 0.5727392369507526 5.011781881796545e-09
1.154281941183443e-09 8.861268728820809e-10 0.8067888586023672 4.555937685047863e-10 0.5884052575456058 5.011781876522209e-09
1.1580337465949999e-09 8.839209540702595e-10 0.7958365734113758 4.555937685082609e-10 0.6028865923897697 5.011781876518225e-09
1.1662771348286375e-09 8.785284577002874e-10 0.7853478241125645 4.5545116170251504e-10 0.6164755161008855 4.9895212363361186e-09
1.165360439218671e-09 8.816320694022097e-10 0.7755106642527142 4.5544937752380283e-10 0.6295484397129193 4.989974636763164e-09
1.1716935047478368e-09 8.757583408384509e-10 0.7665836816190391 4.5559376859630936e-10 0.6423935049459273 5.011781894588572e-09
1.1744808795918402e-09 8.742046217197913e-10 0.758738944196195 4.555937686037247e-10 0.6552718759017447 5.0117818953936045e-09
1.1770080034260667e-09 8.72808843394208e-10 0.7520635529652361 4.555937686087074e-10 0.6683716898906802 5.011781895480943e-09
1.1724929339370885e-09 8.799547896519547e-10 0.7465671299065142 4.55443493713408e-10 0.6817898978591387 4.991763360060401e-09
1.174610896570184e-09 8.780403898096735e-10 0.7421983482387885 4.5544257053759864e-10 0.6955483524373801 4.992176788450401e-09
1.1832999249166907e-09 8.693803496247423e-10 0.7388855638307573 4.5559376861580694e-10 0.7096036652801984 5.011781894111963e-09
1.185062124584041e-09 8.68431621021647e-10 0.7365163632643986 4.5559376861623025e-10 0.7239061976653894 5.011781893396477e-09
1.18666205977046e-09 8.675745808315294e-10 0.7349287154321853 4.5559376861584044e-10 0.7384393172760744 5.01178189261197e-09
1.1880736939300204e-09 8.668218601955504e-10 0.7339498326347978 4.5559376861483387e-10 0.7532030518792294 5.011781891801522e-09
1.1893001437934133e-09 8.661705643248233e-10 0.7334665272946952 4.555937686133836e-10 0.7681601763130215 5.011781891000436e-09
1.1903636574586474e-09 8.65607833840525e-10 0.7334107373797879 4.5559376861170485e-10 0.7832542231813999 5.011781890245581e-09
1.1912832172413919e-09 8.651226056483544e-10 0.7337205942940779 4.555937686103592e-10 0.7984400836136132 5.011781889612712e-09
1.1920858696007412e-09 8.646997011393127e-10 0.734358193809273 4.5559376860994337e-10 0.8136680004782019 5.011781889158135e-09
1.1928091694792985e-09 8.643190186962938e-10 0.7353179449233253 4.5559376861051407e-10 0.8288767429292414 5.011781888848121e-09
1.1934940399413781e-09 8.639591986727442e-10 0.7366125537017535 4.5559376861162466e-10 0.8440037748520383 5.011781888597428e-09
1.1941826610557604e-09 8.635982466955423e-10 0.7382627413615183 4.5559376861286e-10 0.8589912867698303 5.011781888365209e-09
1.1949204386137253e-09 8.632125667168287e-10 0.7402999982824715 4.55593768613682e-10 0.8737824797177702 5.011781888066325e-09
1.1957573724265228e-09 8.627761838365749e-10 0.7427672969227107 4.555937686140661e-10 0.8883199027529608 5.011781887739107e-09
1.1967375323014926e-09 8.622665406652916e-10 0.7457035283869733 4.5559376861400203e-10 0.902555429754871 5.011781887394705e-09
1.197894610005276e-09 8.616667984301777e-10 0.749134538737237 4.5559376861354155e-10 0.9164548086870006 5.011781887044865e-09
1.1992558313150181e-09 8.609638134666245e-10 0.7530783653179947 4.555937686127402e-10 0.9299922851821595 5.011781886698005e-09
1.2008424741299008e-09 8.601478786523239e-10 0.7575453630835379 4.5559376861164824e-10 0.9431496081642687 5.011781886359659e-09
1.2026731077898933e-09 8.592110650409062e-10 0.7625430724226686 4.555937686103038e-10 0.9559121764530435 5.011781886033089e-09
1.2047681544669585e-09 8.581449269200171e-10 0.7680833951885894 4.5559376860872586e-10 0.9682639450373345 5.01178188571996e-09
1.2071486899458524e-09 8.569411909182182e-10 0.774180043064868 4.5559376860692736e-10 0.9801885664451442 5.0117818854212e-09
1.2098360399099028e-09 8.55592031722581e-10 0.780847305434395 4.555937686049168e-10 0.9916696322779465 5.011781885137264e-09
1.2128515099054623e-09 8.540902240060221e-10 0.7880990192547795 4.555937686020024e-10 1.0026907331553379 5.011781884883926e-09
1.216216927780091e-09 8.524291632505091e-10 0.7959490104575644 4.5559376860044046e-10 1.013234711291755 5.011781884642063e-09
1.198872020072982e-09 9.772515841982333e-10 0.80441036042972 4.5545428113210684e-10 1.0232835882976483 4.998508188607178e-09
1.1926197888541953e-09 9.683507469518073e-10 0.8134944908379056 4.5545583718409405e-10 1.0328187041744357 4.998630952465956e-09
1.1900204287684146e-09 9.660582316253769e-10 0.8232071396289937 4.5545746353483956e-10 1.0418226130365758 4.998744757809939e-09
4.475301998922383e-10 3.0621718495822105e-10 0.8335469965998787 1.652801646038895e-10 1.0502797868829796 1.8181726467758218e-09
1.2390472825142439e-09 8.415607819414736e-10 0.8445120652863441 4.5559376858544383e-10 1.0581729869740255 5.011781883581547e-09
1.2449523871690337e-09 8.388582725050839e-10 0.8560998787238382 4.555937685817157e-10 1.065483022862515 5.011781883400977e-09
1.2513528369103159e-09 8.359771044186616e-10 0.8683080109853983 4.555937685789927e-10 1.0721884511823356 5.011781883262739e-09
1.258272058879163e-09 8.329172030217897e-10 0.8811314671651616 4.555937685755015e-10 1.0782669960441948 5.011781883127119e-09
1.2657361657883978e-09 8.296784307483013e-10 0.8945654244315836 4.555937685719667e-10 1.0836938913976937 5.011781883008299e-09
1.2737743569875017e-09 8.26260538932834e-10 0.9086052904732097 4.5559376856838535e-10 1.088441632473489 5.011781882904348e-09
1.2824167121647362e-09 8.226642117703158e-10 0.9232427492686255 4.555937685648295e-10 1.092482231597502 5.0117818828188784e-09
1.291694611160122e-09 8.188909356063389e-10 0.9384660859174117 4.5559376856117714e-10 1.0957870409666262 5.011781882744637e-09
1.301640856360925e-09 8.149429917694333e-10 0.9542600181021184 4.5559376855750994e-10 1.0983269733630139 5.011781882685094e-09
1.3122898330514137e-09 8.10823428012349e-10 0.9706056061175152 4.5559376855401443e-10 1.100072718841142 5.011781882667399e-09
1.3236773971787693e-09 8.065361735143961e-10 0.9874800127852958 4.555937685503568e-10 1.100995142336372 5.011781882644225e-09
1.3358413221038027e-09 8.020858468725193e-10 1.004856650640816 4.5559376854671875e-10 1.101065451089595 5.01178188263722e-09
1.3488216188132496e-09 7.97477709758467e-10 1.0227054879411621 4.5559376854311374e-10 1.1002552333706443 5.011781882646538e-09
1.3626594338418284e-09 7.927180704233181e-10 1.0409915000728098 4.5559376853955743e-10 1.0985381086339352 5.011781882672925e-09
1.3773975337144963e-09 7.878142617918688e-10 1.0596752916584842 4.555937685361863e-10 1.0958897238838308 5.011781882599425e-09
1.3930814705781387e-09 7.827737526999355e-10 1.0787144926814158 4.555937685332911e-10 1.0922870795084356 5.011781882512135e-09
1.4097595040738864e-09 7.776041035747509e-10 1.0980629148620902 4.5559376852933353e-10 1.0877099911471544 5.011781882892559e-09
5.178608770317035e-10 2.801804224822084e-10 1.1176717641106104 1.6528016462461172e-10 1.0821405873402212 1.8181726464534926e-09
1.3818172277884445e-09 7.944009033488547e-10 1.1374874318636747 4.5549512011965675e-10 1.0755663428165527 4.999158196427862e-09
1.4224187677927027e-09 7.803235845571749e-10 1.1574491624019574 4.554968223126206e-10 1.0679839191272953 4.999068647460509e-09
1.445525354757379e-09 7.72237501015053e-10 1.1774974087015495 4.5549847313568323e-10 1.0593915297864813 4.9989657159900775e-09
1.5098530143472453e-09 7.501720171461973e-10 1.1975719871158348 4.5559376851473917e-10 1.0497910816199492 5.011781883497752e-09
1.533589505220913e-09 7.444469650734028e-10 1.2176082153871066 4.55593768516565e-10 1.0391936834964852 5.011781882576625e-09
1.5586672009283102e-09 7.386778663385633e-10 1.2375396494116904 4.555937685382705e-10 1.027617285144142 5.011781876248367e-09
1.5850242488087533e-09 7.329023839180379e-10 1.2573014302902397 4.555937686402552e-10 1.0150838561537336 5.011781849720652e-09
1.6097850506626088e-09 7.277256066343731e-10 1.2744295091015925 4.555937685032334e-10 1.0046815692312372 5.011781884853414e-09
1.6164705875674325e-09 7.263706009489597e-10 1.2787410475041476 4.555937685405745e-10 1.010035527324449 5.011781874961724e-09
5.888457703267927e-10 2.6302500746779746e-10 1.2828496647209782 1.65280164653813e-10 1.015348264845673 1.8181726450087468e-09
1.6673037723002874e-09 7.163144792773329e-10 1.2866035896400767 4.55506525600933e-10 1.020528970158553 4.998469756354904e-09
