6.736456979194236e-07 2.69088995803786e-07 4.297950615078865 1.015074899822417e-08 1.147552817350754 0.1
3.1389542467264135e-08 9.446178398965902e-07 4.295310563903905 1.0150748998641638e-08 1.1468473552957945 0.1
2.2798146791117482e-07 8.756928497477313e-06 4.286866491802429 1.0150748998783454e-08 1.144591291195481 0.1
2.507560137701467e-07 1.6738454394846275e-05 4.272478430573723 1.0150748999026397e-08 1.140747559628066 0.1
2.3388887297546672e-07 2.5109708053857217e-05 4.253167346018248 1.0150748999354983e-08 1.135589032081685 0.1
2.28259783906794e-07 3.314651121827419e-05 4.23018806551043 1.01507489997499e-08 1.1294510046179416 0.1
2.261242278856434e-07 4.113502040078523e-05 4.204655670653146 1.0150749000193753e-08 1.1226312125048177 0.1
2.2510501429963955e-07 4.823288493372324e-05 4.177419200482611 1.0150749000673198e-08 1.1153565954807363 0.1
2.2535527514971483e-07 5.438827708282154e-05 4.149056329432297 1.0150749001179148e-08 1.1077814253333884 0.1
2.2480565703158716e-07 6.022811577968557e-05 4.119928548262292 1.015074900170599e-08 1.1000020331925655 0.1
2.2453839762178611e-07 6.504151772031747e-05 4.090250584946871 1.0150749002250493e-08 1.0920759736722867 0.1
2.2385886838897216e-07 6.85021653010682e-05 4.060149842186744 1.0150749002810866e-08 1.0840373970114716 0.1
3.692132900994522e-07 7.070832628256107e-05 4.029708149471884 1.015074899006586e-08 1.0759081699561155 0.1
8.135339054027926e-08 7.104970376728455e-05 3.9989873627855803 3.6824854974557665e-09 1.067704829787888 0.1
2.2501501586237018e-07 7.046810608395463e-05 3.968042693508604 1.0150749004578283e-08 1.0594420922631358 0.1
2.2441007351133853e-07 6.87391929979721e-05 3.936927455223906 1.0150749005193998e-08 1.0511340997958962 0.1
2.2425131428335723e-07 6.626987628079837e-05 3.9056935870310485 1.0150749005821921e-08 1.042794636783212 0.1
2.2421664284449595e-07 6.332221240707988e-05 3.8743900032340135 1.0150749006461393e-08 1.034436681228733 0.1
2.2370900381250722e-07 6.0131949348625907e-05 3.843060863765398 1.0150749007111818e-08 1.0260719472674267 0.1
2.2375371169549022e-07 5.690978368584789e-05 3.8117444660285544 1.0150749007772664e-08 1.017710589163808 0.1
2.5624606017234493e-07 5.380294092045463e-05 3.7804728713438154 1.015074900137088e-08 1.0093611320328335 0.1
2.560881645978941e-07 5.13683193210183e-05 3.7492722812503647 1.0150749002447998e-08 1.001030275696363 0.1
2.5585236575907224e-07 4.997660975491747e-05 3.7181635111357862 1.0150749003334865e-08 0.9927233656617304 0.1
2.555504444143854e-07 4.9330843617878276e-05 3.687162740075573 1.0150749004099072e-08 0.9844448294421398 0.1
2.7428194088642187e-07 4.922496539147929e-05 3.6562824233662132 1.0150749001361477e-08 0.9761980740038477 0.1
2.7421062420681607e-07 4.951263886201158e-05 3.6255320245564397 1.0150749001852617e-08 0.9679856681921175 0.1
2.7416288631805336e-07 4.9665775316859304e-05 3.5949184542852213 1.0150749002349832e-08 0.9598098245892807 0.1
2.7419752114491004e-07 4.9296732536837027e-05 3.564446715913238 1.015074900293836e-08 0.9516721709091575 0.1
2.7423921264833956e-07 4.891803117924957e-05 3.5341204456350304 1.0150749003523925e-08 0.9435734242143897 0.1
2.7428455424721985e-07 4.855487185552508e-05 3.503941853722419 1.0150749004104183e-08 0.9355142170778246 0.1
2.7437474947542864e-07 4.792927420445034e-05 3.47391201166152 1.0150749004740998e-08 0.9274950197467711 0.1
2.7450111873550805e-07 4.7099959865219294e-05 3.4440311737741407 1.0150749005427078e-08 0.9195158703792365 0.1
2.7464153639064206e-07 4.6215381704160674e-05 3.414298856253046 1.0150749006133586e-08 0.9115765414129423 0.1
2.747849179192244e-07 4.534839669030758e-05 3.3847139145956646 1.0150749006845037e-08 0.9036766765523977 0.1
2.7495245305973966e-07 4.435660919176635e-05 3.3552746286265775 1.015074900759666e-08 0.8958158942160173 0.1
2.751487332834949e-07 4.3210118268512376e-05 3.325978885104192 1.0150749008399265e-08 0.88799364191142 0.1
2.753612905048917e-07 4.199222967166498e-05 3.2968242556953915 1.0150749009235672e-08 0.8802092157147916 0.1
2.7558117541485933e-07 4.076190029295394e-05 3.2678080290734552 1.0150749010092793e-08 0.8724618549429992 0.1
2.757595785455473e-07 3.98356040752864e-05 3.2389273523942457 1.0150749010884402e-08 0.8647506098622847 0.1
2.7581709831796764e-07 3.97222214862057e-05 3.210233296799944 1.0150749011458831e-08 0.8570797967997495 0.1
2.7569799845348143e-07 4.077915215880348e-05 3.1818274045660897 1.0150749011692107e-08 0.8494610156222568 0.1
2.7544973894292867e-07 4.2706530345191734e-05 3.1537802772181363 1.0150749011647757e-08 0.8419038785473123 0.1
2.7525769343149075e-07 4.42966181041458e-05 3.126112894819987 1.0150749011672268e-08 0.8344123057620378 0.1
2.751038566558514e-07 4.566092275751624e-05 3.0988525881022717 1.0150749011735814e-08 0.826990466449002 0.1
2.748911487807782e-07 4.744088266495407e-05 3.072043179010123 1.0150749011638736e-08 0.8196422133485807 0.1
2.74627402749575e-07 4.964929743753943e-05 3.0456956463293583 1.0150749011364914e-08 0.8123662517687397 0.1
2.743385556295736e-07 5.223993154354208e-05 3.019786814909739 1.0150749010913077e-08 0.805162546226669 0.1
2.740473874711319e-07 5.486275696815548e-05 2.9942974331678336 1.0150749010398829e-08 0.7980337183717404 0.1
2.737865216553362e-07 5.7289669361633856e-05 2.96923331004066 1.015074900989662e-08 0.7909784352713716 0.1
2.7352248012129366e-07 5.9746122418637964e-05 2.944594654156555 1.0150749009330447e-08 0.7839923805635812 0.1
2.7328753375165617e-07 6.200445879510407e-05 2.920358561478922 1.0150749008777027e-08 0.7770766236171626 0.1
2.732034781395693e-07 6.319918436842415e-05 2.8964895880998167 1.0150749008550217e-08 0.7702360580437754 0.1
2.7316202980377963e-07 6.408224210784877e-05 2.8729786264062986 1.0150749008396554e-08 0.7634683170338133 0.1
2.728991218542167e-07 6.65239053447701e-05 2.849835204601052 1.0150749007613473e-08 0.756767432826624 0.1
2.7262496819112926e-07 6.904753008146321e-05 2.82704826355751 1.0150749006731436e-08 0.7501337017720218 0.1
2.725754403016407e-07 6.994991620892887e-05 2.80459016172948 1.0150749006417104e-08 0.7435704766803938 0.1
2.725699973491538e-07 7.051874913082431e-05 2.782435788891703 1.0150749006192016e-08 0.737076075320483 0.1
2.724939886686708e-07 7.157964688537425e-05 2.7605812269219236 1.0150749005720575e-08 0.7306436177133314 0.1
2.724568648975116e-07 7.234153292749759e-05 2.739026623517262 1.0150749005323685e-08 0.7242689560738902 0.1
2.7256487458683374e-07 7.203378439579305e-05 2.717756854887437 1.0150749005349305e-08 0.7179530944445174 0.1
2.2459272282461733e-07 7.095882682540341e-05 2.6967444071988815 1.0150749042196113e-08 0.7116954218183045 0.1
2.2458500431160665e-07 7.148086783759519e-05 2.675973106053795 1.015074904317276e-08 0.7054896085056175 0.1
2.2454252081324862e-07 7.320797614018697e-05 2.6554444529221337 1.0150749044157628e-08 0.6993277389017412 0.1
2.2447643145614792e-07 7.587893166541635e-05 2.635154405398662 1.0150749045151035e-08 0.6932075730510214 0.1
2.2441322710378434e-07 7.859640865811979e-05 2.6151891645008556 1.0150749046150382e-08 0.6871404230624177 0.1
2.2436733517810145e-07 8.072797549652248e-05 2.5957021346127602 1.0150749047150756e-08 0.6811469979464096 0.1
2.2429572631013817e-07 8.411182080705199e-05 2.5767739314501865 1.0150749048149203e-08 0.6752383480398997 0.1
2.2423711611592098e-07 8.709623034437444e-05 2.5584132877530994 1.0150749049145641e-08 0.6694100214664422 0.1
2.2418792505438194e-07 8.975989850713461e-05 2.5405805471610203 1.0150749050141578e-08 0.6636512476182118 0.1
2.241512839160444e-07 9.185831847109426e-05 2.5232095149138214 1.015074905113929e-08 0.657949333545528 0.1
2.2413970060711538e-07 9.260418928420346e-05 2.5062774578975144 1.015074905213991e-08 0.6522963532509005 0.1
2.2413866674905074e-07 9.273501080741713e-05 2.489812853218953 1.0150749053142611e-08 0.6466933314052339 0.1
2.2414341375542542e-07 9.250763493890596e-05 2.4738221060549233 1.015074905414696e-08 0.6411408452866233 0.1
2.2415584392905665e-07 9.182030939526958e-05 2.4582786306757756 1.0150749055154076e-08 0.6356321025996129 0.1
2.2415768185028105e-07 9.167288261047124e-05 2.443139390327322 1.0150749056166183e-08 0.630155029893156 0.1
2.241473121178996e-07 9.214569608461675e-05 2.428352753827797 1.0150749057185911e-08 0.6246967608909345 0.1
2.2413806326558645e-07 9.250764815136742e-05 2.413892044545859 1.0150749058215696e-08 0.6192438684209883 0.1
2.2411220788432354e-07 9.373322363840847e-05 2.400014046208368 1.0150749059258485e-08 0.6137458750570979 0.1
2.240846543854925e-07 9.497203426009049e-05 2.3870401629311027 1.0150749060317301e-08 0.6081462673717015 0.1
2.2403747397731146e-07 9.730346853907281e-05 2.374983418295313 1.0150749061397364e-08 0.6024139422213347 0.1
2.2395183266553678e-07 0.00010219468144832911 2.363694465656607 1.0150749062507801e-08 0.5965149490821477 0.1
2.2385812569953227e-07 0.00010807742958562411 2.352976680316311 1.0150749063658067e-08 0.5904231404694392 0.1
2.237634864223466e-07 0.00011457108326740459 2.3426488116460167 1.0150749064855674e-08 0.5841265740387847 0.1
2.234450184599386e-07 0.00012045969783884835 2.332568279219022 1.0150749066105562e-08 0.5776276597327941 0.1
2.2337844094373035e-07 0.00012673750546948227 2.3226320628005914 1.015074906741037e-08 0.5709396563629663 0.1
2.626934150654913e-07 0.00013490222628963333 2.312768102612753 1.015074894400458e-08 0.5640822198623107 0.1
2.6166032095005547e-07 0.00014368613786402152 2.302925120329742 1.015074893557931e-08 0.5570775621177039 0.1
2.6080943727808636e-07 0.00015113179178690068 2.293064484643185 1.0150748927750648e-08 0.5499478064848101 0.1
2.602456837589757e-07 0.0001560086921984588 2.2831738936740487 1.0150748921366823e-08 0.5427183635004424 0.1
2.59884744002716e-07 0.00015910954523145016 2.2732688540613664 1.0150748915857167e-08 0.5354180566726369 0.1
2.596794362533685e-07 0.00016094372354627027 2.263363967630287 1.0150748910854595e-08 0.5280716991193242 0.1
2.5957703363751176e-07 0.00016186227453201613 2.253458633986093 1.0150748906204368e-08 0.5206969715153971 0.1
2.595155092579436e-07 0.00016319818298329015 2.243568229953351 1.0150748900588419e-08 0.5133106127618366 0.1
2.451024676163979e-07 0.00016531849357551931 2.233732951207167 1.0150748975755907e-08 0.5059308041637636 0.1
2.449428945237636e-07 0.00016755765655888466 2.2239809251505887 1.0150748973185811e-08 0.49857095309668387 0.1
2.447825957980391e-07 0.00016986042702070558 2.214347885231818 1.0150748970425769e-08 0.49124133072927206 0.1
2.4461255170941853e-07 0.00017240490695203046 2.2048878936253598 1.0150748967385405e-08 0.4839517618116511 0.1
2.444638105866065e-07 0.00017456923687301097 2.1956382761340283 1.0150748964370727e-08 0.4767080538116129 0.1
2.4463995761463437e-07 0.0001764364307514534 2.1866464445740856 1.0150748959607987e-08 0.4695127784246829 0.1
8.096188386050252e-08 0.00017787395740065224 2.17796887931863 3.6824854730263214e-09 0.46236726742520995 0.1
2.2318249330685908e-07 0.00017853842371802278 2.169642218969246 1.0150749095023788e-08 0.4552690315019249 0.1
2.2318647223724479e-07 0.00017836664020186643 2.1617019956688166 1.0150749097101295e-08 0.4482112982251505 0.1
2.231868627580186e-07 0.00017766096519375926 2.15435038878203 1.0150749099225534e-08 0.44116196950385966 0.1
2.2319009886198717e-07 0.00017661676106982206 2.1480857041807333 1.0150749101411152e-08 0.43404125664353643 0.1
2.231866407797191e-07 0.0001757938970261705 2.1432747119714475 1.0150749103684447e-08 0.4267508970183022 0.1
2.2318820026009074e-07 0.00017512188781102102 2.1396481042055697 1.0150749106075568e-08 0.41924087662743365 0.1
8.096888366469628e-08 0.00017429676335137208 2.1367017111809594 3.6824854687346023e-09 0.4114519825597219 0.1
8.096974096487167e-08 0.00017352275984132583 2.1339893703901653 3.6824854679806073e-09 0.40334983419417164 0.1
8.097105461101942e-08 0.00017233818454049038 2.131139173434095 3.6824854671679057e-09 0.3949626234540225 0.1
3.0043982355653607e-07 0.0001710257559486603 2.1280400729903404 1.0150748285615452e-08 0.3862905854421261 0.1
2.9602106049550237e-07 0.00016923655822114088 2.1246965993791087 1.0150748329982624e-08 0.3773352888284731 0.1
2.920737406552276e-07 0.0001673878538741958 2.1211131258986895 1.0150748367562663e-08 0.36811148115818393 0.1
2.8850310908298723e-07 0.000165615284070715 2.1172854713472997 1.0150748400434268e-08 0.35863120401232434 0.1
2.8528646593984486e-07 0.00016373889258589408 2.1132060176187415 1.0150748430393377e-08 0.3489019418944569 0.1
2.823941156382249e-07 0.00016163661589177087 2.1088663990613865 1.0150748458709844e-08 0.33892876265643374 0.1
2.797580417088666e-07 0.0001596173074735299 2.104326628267647 1.0150748485029198e-08 0.3288768831233628 0.1
2.7740028441896437e-07 0.00015770339809426537 2.099810279957991 1.015074850972024e-08 0.3192393052743612 0.1
2.752951617445668e-07 0.00015596127505980879 2.0954887374197737 1.0150748532982166e-08 0.31029510058793874 0.1
2.733803374515854e-07 0.00015442033541783804 2.0913336105903664 1.0150748555133828e-08 0.30190551529021675 0.1
2.7162711094643857e-07 0.0001529528213037988 2.0872712438019336 1.0150748576844699e-08 0.2939035057940182 0.1
2.699489056002681e-07 0.0001519862646018191 2.083240063866258 1.0150748597153624e-08 0.2861494906518884 0.1
2.6830377709068597e-07 0.00015172322389475827 2.0791938101567506 1.015074861583471e-08 0.27854062672712787 0.1
2.6664739121966e-07 0.00015248133536823808 2.0750971958313693 1.0150748632421692e-08 0.2710046032679584 0.1
2.6500585170500347e-07 0.00015402077735572194 2.070920631644597 1.0150748648053971e-08 0.26349224546621275 0.1
2.6348591985728666e-07 0.0001552830522694037 2.0666508780604698 1.015074866596535e-08 0.2559630922518776 0.1
2.632654799577303e-07 0.00015595374819595313 2.062282807157068 1.0150748673502454e-08 0.24838819639427867 0.1
2.634837534945452e-07 0.00015619168818897707 2.057802816800497 1.0150748680507248e-08 0.24075698231042483 0.1
2.6372695427951564e-07 0.00015618061825199 2.053199798350844 1.0150748691814373e-08 0.23306447206217298 0.1
2.6397796488523205e-07 0.00015608246876636707 2.0484689856666773 1.0150748707745682e-08 0.22530749145557205 0.1
2.641975145692341e-07 0.00015626764507346036 2.0436083558852327 1.0150748728217637e-08 0.21748585277405866 0.1
2.6438701256377355e-07 0.00015671335396142704 2.0386171251093206 1.0150748754248338e-08 0.2096012726292325 0.1
2.645476487868028e-07 0.00015734074486409505 2.033495247276815 1.0150748782420816e-08 0.20165653650009474 0.1
2.64622735634038e-07 0.00015843521229916713 2.0282431967811223 1.0150748789319343e-08 0.19365503463601474 0.1
2.64695594634626e-07 0.00015955348741980666 2.0228617887501854 1.015074880615115e-08 0.18560047311916839 0.1
2.647748167606844e-07 0.00016065171909217628 2.0173520807351424 1.0150748834564927e-08 0.17749671277380563 0.1
3.326200476247787e-07 0.00016185303181975863 2.01171532107424 1.0150747710649388e-08 0.16934761363213274 0.1
3.3073247519776295e-07 0.000163419578583935 2.005952865884281 1.0150747576895677e-08 0.16115703565297765 0.1
3.287836072794951e-07 0.00016591790690409828 2.000066196470007 1.015074740458853e-08 0.15292865008369286 0.1
3.270401870452254e-07 0.00016845012843081847 1.9940569120062 1.0150747191460066e-08 0.1446658638764277 0.1
3.2564799066273607e-07 0.00017045864384917722 1.987926488189113 1.0150746930407058e-08 0.13637212972404594 0.1
3.244110443948635e-07 0.00017246796396508485 1.9816763928463452 1.0150746597413983e-08 0.12805079451248458 0.1
3.2313476993330807e-07 0.00017504809153147182 1.9753082110651174 1.0150746158197962e-08 0.11970491535456983 0.1
3.2181571577701506e-07 0.00017822552722901198 1.968823626806733 1.0150745642317013e-08 0.11133720980993386 0.1
3.447913467677458e-07 0.00018183670459078773 1.9622242342130827 1.0150746379961213e-08 0.10295027808579132 0.1
3.418140584421722e-07 0.0001856899318017659 1.955511498658657 1.01507460156222e-08 0.09454669184295425 0.1
3.3889421528303365e-07 0.00018961690394250498 1.948686909066973 1.0150745582464741e-08 0.08612876831832576 0.1
3.3605584212740875e-07 0.0001935865927341493 1.941751888790242 1.015074507192714e-08 0.07769879057531828 0.1
3.332379918164651e-07 0.00019779077186743592 1.9347079876126898 1.0150744481230356e-08 0.06925926717606817 0.1
3.30452500018011e-07 0.0002022333176305242 1.9275576415316142 1.0150743843988787e-08 0.06081344543430103 0.1
2.9458946801166875e-07 0.00020665914509108933 1.920303822386238 1.0150745005033865e-08 0.05236494768727583 0.1
2.931111712012853e-07 0.0002110745304006672 1.9129492186842405 1.0150745012020398e-08 0.04391738037260457 0.1
2.922768093304519e-07 0.00021555522686127855 1.905497483441463 1.0150746272710208e-08 0.03547566680149393 0.1
2.9233864453274787e-07 0.00022033342166286876 1.8979532337456329 1.0150750549311508e-08 0.02704529564895362 0.1
2.858004162417378e-07 0.00022607268536914632 1.8903220223773753 1.0150677033474162e-08 0.018630858275892268 0.1
2.839468974796122e-07 0.00023303819395189228 1.882610361028783 1.0150507949719747e-08 0.01023835936534186 0.1
3.1980664401378615e-07 0.00024079758978618008 1.8763926829993596 1.0147843464192014e-08 0.003647264348187886 0.1
8.092042753991227e-08 0.0002490277883207705 1.8735533187801137 3.6824642246160176e-09 0.0007088092732783998 0.1
2.2296234283309187e-07 0.00025847843777009635 1.8730498348607274 1.0156876996846887e-08 2.986816743811599e-05 0.1
3.35946919124115e-07 0.0002687600937132062 1.8730446858052456 0.0003089933630639591 5.419036968993769e-09 0.1
2.637161551450408e-07 0.00027993998348292324 1.8730138767469984 0.0004104671615441684 5.321730363078012e-09 0.1
2.5970140372334955e-07 0.0002922544025877598 1.8729941043671232 0.00039788718749581676 5.320973882546795e-09 0.1
2.5385757933778295e-07 0.0003056878121426566 1.8729836536152538 0.00036638973014494755 5.317851495561996e-09 0.1
2.509296968337927e-07 0.0003203370609120571 1.8729754565555452 0.00033212611260488605 5.301876009943323e-09 0.1
3.0583427612629593e-07 0.0003363677362175131 1.8729671506055674 0.00029876307655279146 5.418384733754975e-09 0.1
2.9843050543997473e-07 0.0003537905902206565 1.8729583329140782 0.00026701738315131204 5.41864415730541e-09 0.1
2.908374668512503e-07 0.0003728118808499877 1.8729490759584702 0.00023741604908365238 5.419244910814576e-09 0.1
2.83148863961411e-07 0.00039360178128424925 1.8729392946146806 0.000209843190720829 5.420382081840315e-09 0.1
2.75496905945854e-07 0.00041634085506171876 1.8729287027549222 0.0001835618775433533 5.422417982783768e-09 0.1
2.680813585318278e-07 0.00044123235829386935 1.8729173514335358 0.00015890306183990373 5.4258584926657084e-09 0.1
2.331602050462837e-07 0.0004685017460529719 1.872905323283823 0.00013611209125168457 5.421651226661555e-09 0.1
9.180853132365917e-08 0.0004983307200039045 1.8728931009966414 0.00011307076044000068 5.422224315530519e-09 0.1
2.2298620618733602e-07 0.0005313857971797426 1.872888141674861 7.88959340240037e-05 5.42118337910294e-09 0.1
2.2348236228737142e-07 0.00056759260036362 1.8728915756047542 3.117382176971123e-05 5.4222914041261795e-09 0.1
2.2282829107013225e-07 0.0006075073255958403 1.8728970207171394 1.0182544349612336e-08 1.0963999402297927e-05 0.1
2.3493746191493821e-07 0.0006516701480717647 1.8729031119451636 7.296355469782821e-10 3.825773580646648e-05 0.1
2.35334604987686e-07 0.0007007922007802668 1.872907409505511 -1.759249321517414e-09 6.462340537487762e-05 0.1
2.2672269631854796e-07 0.0007558511208966832 1.8729099162933263 1.0990981671978851e-09 9.045183743642934e-05 0.1
2.2568843294630583e-07 0.0008179083374899047 1.872910811809297 1.0117469578402871e-08 0.0001156975352181037 0.1
2.2514523973664683e-07 0.000888031542717068 1.8729009603478375 1.013255200232065e-08 0.00013075533529979168 0.1
2.2512154174684322e-07 0.0009673658355071728 1.8728765089419839 1.010209976945395e-08 0.00013195416923730515 0.1
2.2516550123667973e-07 0.001057162697050821 1.8728468831712428 1.005718040780834e-08 0.0001285613135856295 0.1
2.2515023111804798e-07 0.0011588103918341497 1.8728167051391593 1.0007221815465776e-08 0.00012458021393525707 0.1
2.250669270097652e-07 0.001273937300465282 1.8727865439350957 9.955145302771909e-09 0.00012064864080310776 0.1
2.2492509215596346e-07 0.0014045796863693034 1.8727563305489576 9.902855325197954e-09 0.0001168556194277409 0.1
2.2473767184029195e-07 0.0015532699911410355 1.8727260187283405 9.852282309473882e-09 0.00011320179730552537 0.1
2.245186341241282e-07 0.0017229669567792988 1.8726955874480207 9.805634101921831e-09 0.00010967623400366013 0.1
2.2277585391396502e-07 0.001917000936212465 1.8726650123868605 1.0169011471215814e-08 0.00010626883267376773 0.1
2.2400308211645248e-07 0.0021391329477786184 1.8726342576541148 8.806484197695572e-09 0.0001029685513542098 0.1
2.15758822136665e-07 0.002393623634923917 1.8726032739214291 1.0170984571371594e-08 9.97682295485179e-05 0.1
2.2357003172603947e-07 0.0026853952877531444 1.8725719921863007 9.937768666779517e-09 9.665490270374656e-05 0.1
2.234027511233142e-07 0.0030200664629616313 1.8725403228285062 1.0020188206419256e-08 9.361871613451033e-05 0.1
2.2326682687320943e-07 0.0034041410010328477 1.8725081446531069 1.0098575976956932e-08 9.064717331063815e-05 0.1
2.231572885598404e-07 0.003844679184958367 1.8724753139208097 1.0169918539573816e-08 8.7735377858204e-05 0.1
2.2244480753433993e-07 0.004349200573988264 1.8724416251941622 1.0178199052425973e-08 8.485796001360262e-05 0.1
2.228174631418128e-07 0.004926278305527525 1.872406829634817 1.015047528379359e-08 8.198734239326092e-05 0.1
2.215001325228357e-07 0.005585935796719181 1.872370605235789 1.018144403344483e-08 7.910544571544933e-05 0.1
2.214157436839852e-07 0.006339893870183226 1.8723324984828573 1.0183322762014804e-08 7.618511401329859e-05 0.1
2.2145674831371997e-07 0.007201906020529164 1.8722919246943894 1.0185437195063196e-08 7.32052913217889e-05 0.1
2.2156407815967254e-07 0.008186268669367495 1.8722481454106392 1.0187848074812692e-08 7.014467127889625e-05 0.1
2.2170195998046175e-07 0.009307588596823953 1.8722002131569522 1.0190619213281079e-08 6.698533912094566e-05 0.1
2.2184455306777521e-07 0.010582899171621576 1.8721469725580555 1.0193857986906809e-08 6.371092736056884e-05 0.1
2.2198002792950455e-07 0.012032562425344418 1.8720868674826112 1.0197691086265608e-08 6.030521548487748e-05 0.1
2.2210255851919787e-07 0.013680661221115425 1.8720177621406013 1.0202295464605816e-08 5.675029508497073e-05 0.1
2.2220984850491688e-07 0.015555510732009835 1.8719370686124266 1.0207943575267283e-08 5.301632166374296e-05 0.1
2.2230183877537933e-07 0.01769010458004866 1.8718413029241783 1.0214989843143771e-08 4.909892657806784e-05 0.1
2.2237971884635923e-07 0.020122490641989503 1.8717258154804384 1.0223824749030067e-08 4.505094683979179e-05 0.1
2.2244526174711858e-07 0.022895646026096426 1.871584717331643 1.0234737885244652e-08 4.100847120103841e-05 0.1
2.2167378364527458e-07 0.026058164066898974 1.871410249403587 1.0129555953265589e-08 3.710920807043691e-05 0.1
2.2187982264273836e-07 0.02966590354306071 1.8711924419014039 1.0129292318232692e-08 3.3416336230759394e-05 0.1
2.220651836729955e-07 0.03378260474494418 1.8709181899742575 1.0129683559837632e-08 2.999140887857791e-05 0.1
2.2175705698957304e-07 0.038479965713778534 1.8705703247934355 1.0387775858434703e-08 2.6915190855179194e-05 0.1
2.2274768755339805e-07 0.04383808549140757 1.8701268142614405 1.0152972353654178e-08 2.429256486876222e-05 0.1
2.2274754863220877e-07 0.04994540776936561 1.8695592539676713 1.0153132283874353e-08 2.2286547009003482e-05 0.1
2.227474266125164e-07 0.056898029077931546 1.8688313085871346 1.0153242836406136e-08 2.1110280549075022e-05 0.1
2.227431939487674e-07 0.0647986728960488 1.8678969158499041 1.0049200029301464e-08 2.0962204619542213e-05 0.1
2.2267683079654996e-07 0.07375447665444736 1.8666983401521864 1.0480131190231712e-08 2.1851354622791383e-05 0.1
2.2267055910494837e-07 0.08387290009643047 1.8651643392707362 1.0531256416478297e-08 2.3435924128719358e-05 0.1
2.226789435051368e-07 0.09525431609974347 1.8632094310172231 1.0513713416018566e-08 2.545043166677312e-05 0.1
2.226911947814702e-07 0.10798206997170241 1.8607337174693117 1.0469232248083808e-08 2.7934452686352996e-05 0.1
2.2270350304325371e-07 0.12211104107611508 1.8576245683131207 1.041448440410752e-08 3.107848978499988e-05 0.1
2.2274692199667705e-07 0.13765360686121988 1.8537716215023998 1.0153196895564136e-08 2.1643937332414054e-05 0.1
2.2274661730394408e-07 0.15456015161655867 1.8490640726873722 1.0604874663721195e-05 5.429154269348766e-09 0.1
2.2273049039044877e-07 0.17270912130554864 1.8433978929735169 7.514446751842356e-05 5.422097715676813e-09 0.1
2.2274071947779978e-07 0.1919093658132698 1.8367070229732638 0.00012151069107243508 5.422792591419654e-09 0.1
2.2252195431470895e-07 0.21189242170604797 1.8289754056386778 0.00013704988554714086 5.420488975490154e-09 0.1
2.2259462282330752e-07 0.23235155198509047 1.8202279117438238 0.0001424940729087427 5.420488811444476e-09 0.1
2.2259664733662064e-07 0.2529785388931679 1.8105410380902105 0.00014553407123368633 5.420488869231671e-09 0.1
2.225984458883067e-07 0.27348860445770834 1.8000315239348301 0.0001474649909689991 5.4204889229533325e-09 0.1
2.2261797318651673e-07 0.2936398557150002 1.7888394625861406 0.0001485972876032058 5.420488898366997e-09 0.1
2.2274442322082657e-07 0.31324551329868283 1.7771115658972876 0.00014907554896198354 5.4250573883680265e-09 0.1
2.2262065284093616e-07 0.332178024358046 1.764986453315666 0.00014904153874061834 5.420488979004983e-09 0.1
2.22539925619668e-07 0.35036631638579296 1.7525832981642413 0.0001485591184897177 5.42048939434746e-09 0.1
2.225479165678896e-07 0.36778862595853995 1.7399949922741755 0.00014765815697581833 5.420489410483944e-09 0.1
2.2255346525240085e-07 0.3844626254626119 1.7272847033157581 0.00014533645945653947 5.420489419535229e-09 0.1
2.225543892503565e-07 0.4004361761405892 1.7144872578409518 0.0001400918627051949 5.420489418005345e-09 0.1
2.225504002319251e-07 0.41577737378704793 1.7016112388504947 0.00013115726746971702 5.420489398340787e-09 0.1
2.225438291505411e-07 0.4305665556244355 1.6886425812617454 0.00011833558529676231 5.420489343239487e-09 0.1
2.2254413004218878e-07 0.4448907692775494 1.6755496074664713 0.00010195804762300296 5.420489212510407e-09 0.1
2.225824086686994e-07 0.45883773357315794 1.662286059330598 8.347818243021746e-05 5.42048892012006e-09 0.1
2.22742490777531e-07 0.47249250066306087 1.6487949179935277 6.508418279191938e-05 5.420488291218267e-09 0.1
2.227466641339215e-07 0.48593557870114734 1.6350118015319028 4.7840461865529427e-05 5.421650613930633e-09 0.1
2.2274666141269572e-07 0.4992412452630909 1.6208674341719502 3.179537327072538e-05 5.422293068235953e-09 0.1
2.2274664628124717e-07 0.5124762797600249 1.6062895117274587 1.683978587312091e-05 5.424698911288126e-09 0.1
2.2274664852135444e-07 0.5256993904974352 1.5912042599124292 2.8460398381227103e-06 5.46518834004942e-09 0.1
2.22746654078402e-07 0.538959587426303 1.5755400617658548 1.0150027859342771e-08 4.425663265530606e-06 0.1
2.2274665185435796e-07 0.5523062056754887 1.559221708492481 1.0152227454283692e-08 5.03804894978164e-06 0.1
2.227466464040466e-07 0.5657761940463666 1.5421743366476486 1.5063077080713046e-06 5.517076945103024e-09 0.1
2.2274663687695789e-07 0.579388549256821 1.5243278329607226 1.8074516630795626e-05 5.42438192818613e-09 0.1
2.2274664567632054e-07 0.5931628338403413 1.5056109238288797 3.633392033879781e-05 5.422020802710208e-09 0.1
2.227466402951001e-07 0.6071125997321566 1.4859556581434077 2.3319172726265573e-05 5.423171792272022e-09 0.1
2.2274664189613256e-07 0.6212323705900794 1.4653081881571008 1.0153692007863363e-08 1.7996424530795285e-05 0.1
2.2274624533778e-07 0.6355149156327025 1.4436178084395652 1.0204371043145634e-08 5.5476942678058235e-05 0.1
2.22746365005592e-07 0.649961867006396 1.4208280210719615 1.0172173498836376e-08 9.617188765286637e-05 0.1
2.2274638689854803e-07 0.6645519439076356 1.3968904844002408 1.0165487499079097e-08 0.00012590210332831238 0.1
2.2274640407146543e-07 0.6792595224159528 1.3717658013219658 1.0163592346250115e-08 0.00013692447795700648 0.1
2.2274641795416248e-07 0.6940621309279782 1.3454287251736947 1.0162731567188018e-08 0.0001422629061350382 0.1
2.227464241917071e-07 0.7089303885384333 1.3178572548412881 1.0162230326267267e-08 0.0001470634307213586 0.1
2.2274643467487195e-07 0.7238300176830638 1.28903247963187 1.0161579893051232e-08 0.00015211667760051028 0.1
2.227464446141386e-07 0.738723588871445 1.2589413769069293 1.0160938081407325e-08 0.00015754620454188066 0.1
2.227464540337189e-07 0.7535710288925258 1.2275779210555433 1.0160308067975015e-08 0.00016337241305483587 0.1
2.2274646294814662e-07 0.7683301680002147 1.1949431954005998 1.0159695200054185e-08 0.00016958918129105353 0.1
2.22746471367121e-07 0.782957359133155 1.161045249509222 1.0159105148185783e-08 0.00017617278417953806 0.1
2.227464793003997e-07 0.7974080649455035 1.1258988938829109 1.0158542574780026e-08 0.0001830920679957092 0.1
2.227464867604848e-07 0.8116374192986551 1.0895254293137897 1.0158010602895884e-08 0.00019031559168235525 0.1
2.227464937642369e-07 0.8256007629615155 1.0519523004251494 1.0157510679183496e-08 0.00019781800876914052 0.1
2.2274650033334634e-07 0.8392541226300125 1.0132126834952053 1.0157042746066378e-08 0.000205584723416666 0.1
2.2274650644224102e-07 0.852128562541229 0.9746198000681708 1.0156600619248802e-08 0.00021371587857807686 0.1
2.227465120000626e-07 0.8638848997633232 0.937432286950661 1.0156198587453909e-08 0.0002218883691735563 0.1
2.2274651699896379e-07 0.8747668564806053 0.9012139027356463 1.0155851257225818e-08 0.00022962736799167537 0.1
2.227465215595291e-07 0.8850198932555224 0.8652854952047139 1.0155547217947691e-08 0.0002370005639665052 0.1
2.227465265534679e-07 0.8947989404061546 0.8291521541571519 1.01552597795855e-08 0.00024422285094495653 0.1
2.227465366990118e-07 0.9041913993183017 0.7924924733230596 1.0154897966470493e-08 0.00025149924129035534 0.1
2.2274654538201206e-07 0.9132374736529169 0.7551112141425872 1.015443523555477e-08 0.0002590107372050188 0.1
2.2274654195850934e-07 0.9219471213246729 0.7168984447255063 1.0154469135000541e-08 0.0002668691026754023 0.1
2.227465434171549e-07 0.9303118621718771 0.677801223341532 1.01542815751762e-08 0.0002751177355448564 0.1
2.227465518331533e-07 0.9383124125890916 0.6378048664178213 1.01539907260783e-08 0.0002837686639733368 0.1
2.2274656211414632e-07 0.9459237476107701 0.5969202111358048 1.015368048506557e-08 0.000292796070690475 0.1
2.2274655040170652e-07 0.9531180863380188 0.5551753665236467 1.0153705765370224e-08 0.00030215034417979946 0.1
2.2274655760355257e-07 0.959866768855441 0.5126109268944344 1.0153474247280572e-08 0.00031164274951668656 0.1
2.227465582273599e-07 0.9661417415289583 0.4692756946418794 1.0153338862464544e-08 0.0003210516661612486 0.1
2.2274656993209486e-07 0.9719162563627529 0.4252231231471268 1.0153116692510615e-08 0.0003303059075173646 0.1
2.2274657139964484e-07 0.9771653364554662 0.38050928863967126 1.015300267161235e-08 0.00033938548620873846 0.1
2.227465727038898e-07 0.9818661068407092 0.33519145583509935 1.0152896561723006e-08 0.0003482824583660654 0.1
2.227465738504097e-07 0.9859979349564065 0.2893276797436491 1.0152801049230856e-08 0.0003569096347602201 0.1
2.227465747881872e-07 0.9895424844244156 0.2429808981951963 1.015272105992654e-08 0.0003646983995154929 0.1
2.227465754524028e-07 0.9924835366207986 0.1962195417732706 1.0152659523812605e-08 0.0003712095019747414 0.1
2.2274657574092462e-07 0.9948069090462498 0.14911386971084503 1.0152616980441121e-08 0.0003763817651758645 0.1
2.2274657515969138e-07 0.9965029730640639 0.1017131903620361 1.015261349920539e-08 0.00037855153093965696 0.1
2.2274657194327072e-07 0.9975636934390856 0.05404874576722396 1.0152692990895835e-08 0.00037622242509059717 0.1
2.2274655994212702e-07 0.997835805559713 0.018541459518515605 1.0152846785412765e-08 0.000379028324847605 0.1
2.2274656451735434e-07 0.9978441866976883 0.004708652241227466 1.015275638036532e-08 0.00039246690423318714 0.1
2.2274654925274575e-07 0.9980211679866318 0.0015453212458907174 1.0153121120339864e-08 0.00039197567531232844 0.1
2.2274643284739263e-07 0.9981844074155817 0.00029991753234466533 1.0163193746623566e-08 0.0003643305852405962 0.1
2.2274635600445669e-07 0.9981592427789833 1.0163263403415546e-08 0.00015963785547780905 0.0004203192090824568 0.1
2.2274649151946838e-07 0.9980263875699449 1.0153185625680985e-08 0.000426189807410588 0.0005470836496193898 0.1
2.227465250342626e-07 0.9979110378634969 1.0152182029091183e-08 0.0006351521333086738 0.0006493621099613155 0.1
2.2274654184477434e-07 0.9978113459219686 1.0151784892686416e-08 0.0008166712923596861 0.0007380934313138843 0.1
2.2274654967410806e-07 0.9977472714606795 1.0151620453429199e-08 0.0009355771370275336 0.0007940569742309228 0.1
2.227465464475565e-07 0.9977695498287604 1.015168999569711e-08 0.0008984122725820673 0.0007670575358631506 0.1
2.2274653219867928e-07 0.997862322505935 1.0152020092196403e-08 0.000736677148532137 0.0006701174976330543 0.1
2.2274650814237612e-07 0.9979673321803187 1.0152691596834465e-08 0.000556498395216193 0.0005512379931014298 0.1
2.2274646188795865e-07 0.998070408081721 1.0154387174982555e-08 0.00036240243553324007 0.00042424987797803145 0.1
2.2274632268371857e-07 0.9981690074506512 1.0165555511149457e-08 0.00015108886980031374 0.00029922807310675634 0.1
2.227462992651175e-07 0.9982329974666635 5.9020102708324776e-05 1.0327175812809994e-08 0.00021014235243717433 0.1
2.2274640590932387e-07 0.9982206410371736 0.00026155359616808905 1.0171561803091938e-08 0.00020261430916730026 0.1
2.227464085268668e-07 0.9982056027245487 0.0003698154565940994 1.016590472632822e-08 0.00019565210800787753 0.1
2.2274640666832611e-07 0.9981863789694257 0.0003271468197245124 1.0168309694313805e-08 0.0001894973657689727 0.1
2.2274640064078585e-07 0.998165137756167 0.00021745591532733582 1.0178099373711137e-08 0.0001839863520903998 0.1
2.2274636788731112e-07 0.9981444336056167 0.00010434689007235236 1.0223131727799584e-08 0.00017878763917591908 0.1
2.2274660787769666e-07 0.9981232953788467 1.022273950451088e-08 2.5865078289287963e-06 0.0001751197954762038 0.1
2.2274621434525233e-07 0.9980545593194318 1.0184222681030654e-08 0.0001022934048437335 0.00022341215361183273 0.1
2.2274634727814052e-07 0.9979895382299 1.0161773047214204e-08 0.00019498782917462873 0.00026813317549122836 0.1
2.227464050012785e-07 0.9979279959817859 1.0157481683669886e-08 0.00028116471212593643 0.00030951291909264944 0.1
2.2274643727667868e-07 0.9978697439472315 1.0155753590706622e-08 0.0003613076998359637 0.00034780547010353923 0.1
2.227464577271783e-07 0.9978145668943024 1.0154811638108357e-08 0.0004358414929386453 0.0003832735020430728 0.1
2.227464716948466e-07 0.9977622496740449 1.0154212682567367e-08 0.0005052877185390501 0.0004161026041047497 0.1
2.2274648169564375e-07 0.9977125968652176 1.0153795535262669e-08 0.0005699744044393208 0.00044653580442602765 0.1
2.2274648908151814e-07 0.9976654243863137 1.0153486967390282e-08 0.0006302392998571886 0.0004747797146695116 0.1
2.2274649464313914e-07 0.9976205572043877 1.0153248560743697e-08 0.0006864709590734961 0.0005009894427377457 0.1
2.2274649887300285e-07 0.9975778334818597 1.0153057917988652e-08 0.0007390138253142741 0.00052531407253142 0.1
2.2274650209601216e-07 0.9975371042458825 1.0152900948401013e-08 0.0007881472658947437 0.0005479087289463897 0.1
2.227465023321819e-07 0.997506966203864 1.0152837629185962e-08 0.0008158540664184311 0.0005591606952136038 0.1
2.227464982507915e-07 0.9974933762647288 1.0152906215399448e-08 0.0008100283880269242 0.0005525442526446505 0.1
2.2274649281708746e-07 0.997487735224383 1.0153048780740113e-08 0.0007886998651797526 0.0005376875180072767 0.1
2.2274648712506012e-07 0.9974831600668135 1.015321281331103e-08 0.0007655780261061686 0.0005221282553954132 0.1
2.2274648135080282e-07 0.9974785610780342 1.0153390268089538e-08 0.0007428355444342222 0.0005070026117521378 0.1
2.2274647550622477e-07 0.9974738405248726 1.0153580271825034e-08 0.0007209807719490478 0.0004923802773955086 0.1
2.2274646959922005e-07 0.9974689883611736 1.015378334352973e-08 0.0007000451615548442 0.0004782708466200167 0.1
2.2274646362480211e-07 0.9974639880246692 1.0154000086328697e-08 0.0006800995955830544 0.0004646317605509168 0.1
2.2274645760337287e-07 0.9974588185533354 1.015423156677205e-08 0.0006609644032683139 0.0004515167175227345 0.1
2.227464515401791e-07 0.9974534856504172 1.0154478919536175e-08 0.0006425669153458055 0.00043892347760661406 0.1
2.2274644542015066e-07 0.9974479947740632 1.015474302677918e-08 0.0006249973135417298 0.0004267840673010591 0.1
2.2274643925051161e-07 0.9974423371399997 1.015502528292789e-08 0.0006081446557274806 0.0004151186876130835 0.1
2.2274643303713108e-07 0.9974365092892442 1.0155327448532396e-08 0.0005918813113124943 0.00040395254283460725 0.1
2.227464267599658e-07 0.9974305264822444 1.015565094934868e-08 0.0005762757189742277 0.0003932260105327452 0.1
2.2274642039912247e-07 0.9974243895690549 1.015599717952505e-08 0.0005613971080930309 0.00038288536444387516 0.1
2.2274641395083688e-07 0.9974180878065345 1.0156368419420156e-08 0.0005471462706771116 0.00037295086829414333 0.1
2.2274640740617892e-07 0.99741161723876 1.0156767400449865e-08 0.0005334330465527112 0.0003634429733889575 0.1
2.2274640074622075e-07 0.9974049771817337 1.0157197411707434e-08 0.0005201944027981027 0.00035436602968324995 0.1
2.227463939356829e-07 0.9973981831853586 1.0157661888791002e-08 0.0005074632034704008 0.00034567012351266143 0.1
2.2274638705728667e-07 0.9973914786704315 1.0158182257646567e-08 0.0004934004218530044 0.0003383047713332461 0.1
2.2274637984227882e-07 0.9973856065788053 1.0158771305005733e-08 0.000478714371077937 0.00033183108883769256 0.1
2.2274637173121813e-07 0.997383062105774 1.0159366053576484e-08 0.00047021122416540624 0.00032252779826074377 0.1
2.2274635559175844e-07 0.9973677014380136 1.0163185140454466e-08 0.00035603654871630596 0.0003696021426498201 0.1
2.2274634928896621e-07 0.9973827994790563 1.0161603525486083e-08 0.00042844095717714813 0.00031336320730649385 0.1
2.2274232618352114e-07 0.9974814529777161 1.3124636328031389e-08 0.000967519751455156 2.3559384502643138e-08 0.1
2.2274658896266895e-07 0.9976002703933042 1.2481017398953587e-08 0.0009148911693399104 2.9048378695717345e-08 0.1
2.2274646095140538e-07 0.9978729398751036 1.1800429994146696e-08 0.0008575402190603903 3.9215571430068516e-08 0.1
2.2273591207337025e-07 0.9983676711327706 1.1095589758568191e-08 0.0007979253909324915 6.344096523748469e-08 0.1
2.2266377786178974e-07 0.9991523603066004 1.0391098308573826e-08 0.0007386293039189191 3.815839930992017e-07 0.1
2.2267232935225676e-07 1.0002431256124154 1.061900738756413e-08 2.6854674351496204e-07 0.00039098909504968997 0.1
2.227464207346711e-07 1.001502317416978 1.147468884482748e-08 9.057508860443755e-08 0.00040659024040657537 0.1
2.227463729839003e-07 1.0027090861362908 1.2430635196284996e-08 5.828874112941442e-08 0.00026293782712011343 0.1
2.2274661146585496e-07 1.0036390817696927 5.80139957851203e-05 1.6264698266829675e-08 1.4430881910326017e-08 0.1
2.227464781185281e-07 1.00416473664023 0.00030861839072929346 1.5491127930942308e-08 1.5609472180394363e-08 0.1
2.2274656051376468e-07 1.0044907590235377 0.000358802006086191 1.4981803442160835e-08 1.6776547580997094e-08 0.1
2.2274648434455395e-07 1.004740706038121 0.0002706464997277017 1.4416391645122531e-08 1.802941176694518e-08 0.1
2.2274650160850224e-07 1.0049849738930032 0.00018925310510406395 1.3939876070627094e-08 1.936014507935569e-08 0.1
2.227465387079987e-07 1.005250187105266 0.0001276928984561982 1.358680496568149e-08 2.0861378411337422e-08 0.1
2.227466113722284e-07 1.0055434771306613 6.347588156532505e-05 1.3365455886693859e-08 2.2590666566069465e-08 0.1
2.2274661135788515e-07 1.0058358570588855 5.322005624148338e-06 1.2998286249662508e-08 2.500511116190455e-08 0.1
2.227466113461708e-07 1.006076831252338 2.6423956774325914e-08 1.6450899791761133e-08 6.477035460634767e-05 0.1
2.2274661133909126e-07 1.0062198617653866 3.103077644644416e-08 1.507673200361403e-08 0.00011163915121665663 0.1
2.2274661135622505e-07 1.0058401298194592 5.27605827905678e-05 1.166973190496005e-08 4.1827514213553e-08 0.1
2.2274651766717815e-07 1.0059079043670278 5.756338790760824e-08 1.2424171200383482e-08 0.00041668869996637915 0.1
2.2273431770325413e-07 1.0098125348772935 1.4183914260608e-07 2.0163386762198882e-08 0.001354847024037368 0.1
8.080791472000831e-08 1.0208449901741476 0.02034045874114749 3.6824834757696628e-09 0.023231923425855117 0.1
2.2274660255152662e-07 1.0133372477525988 3.316402512761989e-08 0.001947396511605656 7.812468376270406e-09 0.1
1.939816006380423e-07 1.0034846259698802 3.1737417937683835e-08 0.00124334936792592 6.876135724687748e-09 0.1
2.2274645441238967e-07 1.0013094024871674 1.7393689473687837e-08 0.0007017019508602908 1.324530823568471e-08 0.1
2.226953800324246e-07 1.0008045290332983 1.4293994471113783e-08 0.0004146285636231378 1.8550178539894593e-08 0.1
2.2253174311818105e-07 1.0005033920656285 1.2302035785138497e-08 0.0002302562099201852 2.986432652074135e-08 0.1
2.227466116318414e-07 1.0002806907668071 1.0931319434928098e-08 0.00011161762687545936 7.50843002325649e-08 0.1
2.226589993745254e-07 1.0001160134754055 1.037048372072817e-08 5.290847090140354e-07 0.00011281797637540202 0.1
8.080791516656037e-08 0.9999798501412083 4.105716934819398e-09 3.580901713802215e-08 0.00029506132581176185 0.1
2.2273921255794012e-07 0.9998821088366837 1.2304412652106672e-08 5.788918795938611e-08 0.00047686665825683554 0.1
2.2274495920798485e-07 0.9998064260293111 1.331722278221163e-08 4.265272411655656e-08 0.0006155312252804461 0.1
2.2274653253145761e-07 0.9997244535120043 1.4341498636549378e-08 3.4738275197531254e-08 0.0006768346743053872 0.1
2.2274652787567876e-07 0.9996231919567681 1.5360758958479478e-08 2.9977063907858484e-08 0.0006671230664249447 0.1
2.2274651929750053e-07 0.9995135284410736 1.6354953845387458e-08 2.6838441552168235e-08 0.0006347011862762942 0.1
2.227465092632608e-07 0.9994003573487485 1.7306395753627805e-08 2.465763451178377e-08 0.0005992371982355436 0.1
2.227464993214162e-07 0.999285808347852 1.8199433892590243e-08 2.3086306124975712e-08 0.0005699119402409802 0.1
1.9395427661909968e-07 0.9991748908463174 1.6815776702065844e-08 2.6437433579948235e-08 0.0005553629668042286 0.1
1.9413241538436738e-07 0.9990761082093378 1.8006203827916503e-08 2.401773209527051e-08 0.0005597416549608957 0.1
1.9428225936479857e-07 0.9989966673258179 1.90298767180202e-08 2.2412127615191175e-08 0.0005704633868101475 0.1
1.9441129923405617e-07 0.9989369547495318 2.0011605527834805e-08 2.1172632472287508e-08 0.0005688616194238843 0.1
1.9452702102587863e-07 0.9988842022609523 2.0981775055922756e-08 2.0172866377072673e-08 0.0005514076114951944 0.1
1.9463038874220195e-07 0.9988257039601133 2.1855748562830252e-08 1.942408100780941e-08 0.0005306471224686689 0.1
1.9470682865690265e-07 0.9987681423724539 2.2400364488761766e-08 1.9002934559070545e-08 0.0005354553621260466 0.1
1.94755626684777e-07 0.9987358459605061 2.2628236741106334e-08 1.8819146771757478e-08 0.0005644962304888342 0.1
1.9481885290848562e-07 0.9987233749589788 2.3102929004169704e-08 1.850875443489732e-08 0.0005461273097613481 0.1
2.2274642272251997e-07 0.9986775689284931 2.256221671310259e-08 1.8710342647355157e-08 0.00047434426913661444 0.1
2.2274638580246228e-07 0.9985636118361444 2.2628348546273704e-08 1.8849040340634986e-08 0.0004010207283923866 0.1
2.2274638750414798e-07 0.9984129252332716 2.2653748092243845e-08 1.8822226993962757e-08 0.0004044948391092903 0.1
1.9488278676227508e-07 0.9984053447758737 2.3007389679671145e-08 1.8509367776899154e-08 0.0006454488779903832 0.1
1.9482195264312017e-07 0.9988729017917412 2.069661640536633e-08 2.056484968889627e-08 0.0011561235680865674 0.1
2.2274657241886638e-07 1.000158547528038 2.241957620688884e-08 1.8554495169399215e-08 0.0018095285754025443 0.1
2.2274658554280964e-07 1.0025268848546878 2.224992646644384e-08 1.86689983537701e-08 0.002510248089946859 0.1
2.2274659258095277e-07 1.0061365422355366 2.203593756705978e-08 1.8821322384285015e-08 0.003162725964456446 0.1
1.9554883992091952e-07 1.0110325563804645 1.9220615690270538e-08 2.3595259000032962e-08 0.003674537816349923 0.1
1.9578641905656472e-07 1.0171678709881937 1.9241739159393456e-08 2.3430062130075943e-08 0.003976393002207388 0.1
2.2274659832179181e-07 1.024438222349242 2.1190276852721265e-08 1.9484897380789858e-08 0.004001935484824773 0.1
2.2274659719963227e-07 1.0327065738032668 2.0865685048890972e-08 1.9767741712850007e-08 0.003757794048214188 0.1
2.2274659496477898e-07 1.0418263256760065 2.052458956385898e-08 2.0084166038932602e-08 0.0033474351390139867 0.1
2.2274659203645188e-07 1.0516602041400924 2.0165296857512886e-08 2.0440923072483967e-08 0.002910251675653287 0.1
2.2274658878826262e-07 1.062091008667334 1.9790951500840526e-08 2.0841073167329117e-08 0.0025213654881529437 0.1
2.2274658567397195e-07 1.073020993323353 1.940717181679769e-08 2.1285029782550467e-08 0.0022147855778841944 0.1
2.2274658377821377e-07 1.0843656205314802 1.901825064724061e-08 2.177391871382619e-08 0.0020379086318018822 0.1
2.227465840920755e-07 1.096053818393133 1.862893897247809e-08 2.2307508987804164e-08 0.002019531242658022 0.1
2.2274658641059235e-07 1.1080275162933175 1.8245049941411007e-08 2.2883264460404678e-08 0.0021547435504348164 0.1
2.2274658964976087e-07 1.1202388380643165 1.7872167180105952e-08 2.349717512733727e-08 0.002421137934735113 0.1
2.22746593086342e-07 1.1326476094321605 1.7514921899875084e-08 2.4143813989058354e-08 0.0027918171007531366 0.1
2.2274659558578974e-07 1.145220487000572 1.717741207948366e-08 2.481545348133007e-08 0.0032320736881793917 0.1
2.227465974119362e-07 1.1579301929125208 1.6863365368000853e-08 2.550123986912567e-08 0.0036988780989283317 0.1
2.2274659865663397e-07 1.1707532931763747 1.657534207019311e-08 2.618924463913956e-08 0.0041586628504766895 0.1
2.2274659947115223e-07 1.1836686082469123 1.6314503057574128e-08 2.6867852468224135e-08 0.004595312707728823 0.1
2.2274659998116472e-07 1.1966570795052056 1.608124925208463e-08 2.7525282203623644e-08 0.005003207915311568 0.1
2.2274660028258293e-07 1.2097014822479026 1.5875418042735263e-08 2.8149934153457796e-08 0.0053863952130609035 0.1
2.2274660044036296e-07 1.2227867660512428 1.569668549467641e-08 2.8729968404840505e-08 0.005752022607316604 0.1
2.2274660049078037e-07 1.2359006776441879 1.554501649553037e-08 2.925232721904295e-08 0.006101192363647418 0.1
2.2274660045727252e-07 1.2490330418240916 1.5420554478764713e-08 2.970344701034403e-08 0.006432057340023918 0.1
2.2274660035509692e-07 1.2621752187120678 1.5323599899107295e-08 3.0069907662727026e-08 0.006741146627206126 0.1
2.2274660005863922e-07 1.2753195612594594 1.5254592062820343e-08 3.033911141556746e-08 0.007024579947872756 0.1
2.2274660038836745e-07 1.2884591618266938 1.5214237940118737e-08 3.049999677957123e-08 0.007277294526744438 0.1
2.0212296677617507e-07 1.301587371360362 -7.311513861765881e-10 7.293086664724807e-08 0.00749401420924103 0.1
2.023306674559368e-07 1.3146974743160933 -1.6175105844471263e-10 7.138233066131836e-08 0.007670369978045031 0.1
2.02534204484802e-07 1.3277815730755314 -4.3232959216993414e-10 7.031152349939069e-08 0.007808517131897356 0.1
8.080791589503674e-08 1.3408302399507197 5.572547380974156e-09 1.0857352290168833e-08 0.007918748858077815 0.1
2.2274659836414304e-07 1.3538342307701936 1.5481321470467478e-08 2.948046051353855e-08 0.00801038767211428 0.1
2.227465975102853e-07 1.366783162448481 1.56396432468773e-08 2.8922945663205198e-08 0.008090663236989485 0.1
2.2274659776536753e-07 1.3796669280878833 1.5838771112089194e-08 2.8265788995202047e-08 0.008163799167623406 0.1
2.227465973700841e-07 1.3924744819088164 1.608250601263602e-08 2.7521453225023515e-08 0.008234278244578088 0.1
2.227465970099961e-07 1.4051944466986264 1.637566675147986e-08 2.6703389199862184e-08 0.008302428945086936 0.1
2.2274659665128357e-07 1.4178150176599411 1.672433459317534e-08 2.5825429823217106e-08 0.008364027400672297 0.1
2.2274659638006879e-07 1.4303231780357766 1.7135943931157345e-08 2.490178784631536e-08 0.00841619886229176 0.1
2.2274659600870318e-07 1.4427047328831084 1.7619695132182678e-08 2.394639312814123e-08 0.00845685214524342 0.1
2.2274659562714686e-07 1.4549443185839785 1.818707292507665e-08 2.2972403818213897e-08 0.008484624963935494 0.1
2.227465956865559e-07 1.4670254405451553 1.8852559526102763e-08 2.199183373363469e-08 0.008498704765565525 0.1
2.227465953545334e-07 1.4789305243978965 1.9634657986104474e-08 2.101535304960337e-08 0.008498835516596031 0.1
2.2274659501564831e-07 1.4906410287379408 2.0557316511662687e-08 2.0052089253838554e-08 0.00848479024299325 0.1
2.227465946691408e-07 1.5021375610588235 2.1652120743155457e-08 1.910959589273236e-08 0.008455690179545918 0.1
2.2274659432403548e-07 1.5133998734415388 2.2961328099637357e-08 1.8194031355245503e-08 0.00841218439821824 0.1
2.2274659291130348e-07 1.5244070519485182 2.4542893754098602e-08 1.7310199587474737e-08 0.008355715688562927 0.1
2.2274659178379765e-07 1.5351377889527926 2.6478523010370236e-08 1.646150898093602e-08 0.008286245408875945 0.1
2.2274659370490459e-07 1.5455706316573363 2.8886870932417605e-08 1.5650247982160114e-08 0.008203001162412123 0.1
8.080791698834441e-08 1.5556841004931765 1.1590148093536612e-08 5.397418360612834e-09 0.008102451732773044 0.1
2.0561171933984406e-07 1.5654576101814748 2.790794743237168e-09 1.7611175201841212e-08 0.007982369459574932 0.1
2.0571429297462423e-07 1.5748705614572225 8.84447356016882e-09 1.5422394715208803e-08 0.007846402425789644 0.1
2.0581173727023095e-07 1.583904054278584 4.544062814428615e-09 1.4035005816123892e-08 0.007690780584521207 0.1
2.2274659248754261e-07 1.5925402054000417 6.086505362677192e-08 1.2182555827542437e-08 0.007508109117099823 0.1
2.22746590266347e-07 1.6007625486587749 8.105212131807103e-08 1.1604168447640395e-08 0.007296764523962758 0.1
2.2274657988150794e-07 1.6085560425730834 1.2331818364025627e-07 1.1062064854013085e-08 0.0070591907362684714 0.1
2.2274656412754965e-07 1.6159073782496671 2.666190332018268e-07 1.055622476182311e-08 0.006795300806901783 0.1
2.2274659260419427e-07 1.6227923653031027 0.004183582612758457 1.0150812937697902e-08 0.010993470586223337 0.1
2.2274659152101754e-07 1.6291701232749412 0.030778244164500836 1.015169156182327e-08 0.039099204457861816 0.1
8.080791984625885e-08 1.6349841468652626 0.05872935575960562 3.6824778387584418e-09 0.06789437002721233 0.1
2.063929727515797e-07 1.640017343106655 0.08887656999971567 9.012363979446532e-09 0.0977972617784895 0.1
